,Price(prediction)
0,0.0018114149570465088
1,0.0021742284297943115
2,0.002210378646850586
3,0.0022141486406326294
4,0.0022145062685012817
5,0.0022145509719848633
6,0.0022145509719848633
7,0.0022145509719848633
8,0.0022145509719848633
9,0.0022145509719848633
10,0.0022145509719848633
11,0.0022145509719848633
12,0.0022145509719848633
13,0.0022145509719848633
14,0.0022145509719848633
15,0.0022145509719848633
16,0.0022145509719848633
17,0.0022145509719848633
18,0.0022145509719848633
19,0.0022145509719848633
20,0.0022145509719848633
21,0.0022145509719848633
22,0.0022145509719848633
23,0.0022145509719848633
24,0.0022145509719848633
25,0.0022145509719848633
26,0.0022145509719848633
27,0.0022145509719848633
28,0.0022145509719848633
29,0.0022145509719848633
30,0.0022145509719848633
31,0.0022145509719848633
32,0.0022145509719848633
33,0.0022145509719848633
34,0.0022145509719848633
35,0.0022145509719848633
36,0.0022145509719848633
37,0.0022145509719848633
38,0.0022145509719848633
39,0.0022145509719848633
40,0.0022145509719848633
41,0.0022145509719848633
42,0.0022145509719848633
43,0.0022145509719848633
44,0.0022145509719848633
45,0.0022145509719848633
46,0.0022145509719848633
47,0.0022145509719848633
48,0.0022145509719848633
49,0.0022145509719848633
50,0.0022145509719848633
51,0.0022145509719848633
52,0.0022145509719848633
53,0.0022145509719848633
54,0.0022145509719848633
55,0.0022145509719848633
56,0.0022145509719848633
57,0.0022145509719848633
58,0.0022145509719848633
59,0.0022145509719848633
60,0.0022145509719848633
61,0.0022145509719848633
62,0.0022145509719848633
63,0.0022145509719848633
64,0.0022145509719848633
65,0.0022145509719848633
66,0.0022145509719848633
67,0.0022145509719848633
68,0.0022145509719848633
69,0.0022145509719848633
70,0.0022145509719848633
71,0.0022145509719848633
72,0.0022145509719848633
73,0.0022145509719848633
74,0.0022145509719848633
75,0.0022145509719848633
76,0.0022145509719848633
77,0.0022145509719848633
78,0.0022145509719848633
79,0.0022145509719848633
80,0.0022145509719848633
81,0.0022145509719848633
82,0.0022145509719848633
83,0.0022145509719848633
84,0.0022145509719848633
85,0.0022145509719848633
86,0.0022145509719848633
87,0.0022145509719848633
88,0.0022145509719848633
89,0.0022145509719848633
90,0.0022145509719848633
91,0.0022145509719848633
92,0.0022145509719848633
93,0.0022145509719848633
94,0.0022145509719848633
95,0.0022145509719848633
96,0.0022145509719848633
97,0.0022145509719848633
98,0.0022145509719848633
99,0.0022145509719848633
100,0.0022145509719848633
101,0.0022145509719848633
102,0.0022145509719848633
103,0.0022145509719848633
104,0.0022145509719848633
105,0.0022145509719848633
106,0.0022145509719848633
107,0.0022145509719848633
108,0.0022145509719848633
109,0.0022145509719848633
110,0.0022145509719848633
111,0.0022145509719848633
112,0.0022145509719848633
113,0.0022145509719848633
114,0.0022145509719848633
115,0.0022145509719848633
116,0.0022145509719848633
117,0.0022145509719848633
118,0.0022145509719848633
119,0.0022145509719848633
120,0.0022145509719848633
121,0.0022145509719848633
122,0.0022145509719848633
123,0.0022145509719848633
124,0.0022145509719848633
125,0.0022145509719848633
126,0.0022145509719848633
127,0.0022145509719848633
128,0.0022145509719848633
129,0.0022145509719848633
130,0.0022145509719848633
131,0.0022145509719848633
132,0.0022145509719848633
133,0.0022145509719848633
134,0.0022145509719848633
135,0.0022145509719848633
136,0.0022145509719848633
137,0.0022145509719848633
138,0.0022145509719848633
139,0.0022145509719848633
140,0.0022145509719848633
141,0.0022145509719848633
142,0.0022145509719848633
143,0.0022145509719848633
144,0.0022145509719848633
145,0.0022145509719848633
146,0.0022145509719848633
147,0.0022145509719848633
148,0.0022145509719848633
149,0.0022145509719848633
150,0.0022145509719848633
151,0.0022145509719848633
152,0.0022145509719848633
153,0.0022145509719848633
154,0.0022145509719848633
155,0.0022145509719848633
156,0.0022145509719848633
157,0.0022145509719848633
158,0.0022145509719848633
159,0.0022145509719848633
160,0.0022145509719848633
161,0.0022145509719848633
162,0.0022145509719848633
163,0.0022145509719848633
164,0.0022145509719848633
165,0.0022145509719848633
166,0.0022145509719848633
167,0.0022145509719848633
168,0.0022145509719848633
169,0.0022145509719848633
170,0.0022145509719848633
171,0.0022145509719848633
172,0.0022145509719848633
173,0.0022145509719848633
174,0.0022145509719848633
175,0.0022145509719848633
176,0.0022145509719848633
177,0.0022145509719848633
178,0.0022145509719848633
179,0.0022145509719848633
180,0.0022145509719848633
181,0.0022145509719848633
182,0.0022145509719848633
183,0.0022145509719848633
184,0.0022145509719848633
185,0.0022145509719848633
186,0.0022145509719848633
187,0.0022145509719848633
188,0.0022145509719848633
189,0.0022145509719848633
190,0.0022145509719848633
191,0.0022145509719848633
192,0.0022145509719848633
193,0.0022145509719848633
194,0.0022145509719848633
195,0.0022145509719848633
196,0.0022145509719848633
197,0.0022145509719848633
198,0.0022145509719848633
199,0.0022145509719848633
200,0.0022145509719848633
201,0.0022145509719848633
202,0.0022145509719848633
203,0.0022145509719848633
204,0.0022145509719848633
205,0.0022145509719848633
206,0.0022145509719848633
207,0.0022145509719848633
208,0.0022145509719848633
209,0.0022145509719848633
210,0.0022145509719848633
211,0.0022145509719848633
212,0.0022145509719848633
213,0.0022145509719848633
214,0.0022145509719848633
215,0.0022145509719848633
216,0.0022145509719848633
217,0.0022145509719848633
218,0.0022145509719848633
219,0.0022145509719848633
220,0.0022145509719848633
221,0.0022145509719848633
222,0.0022145509719848633
223,0.0022145509719848633
224,0.0022145509719848633
225,0.0022145509719848633
226,0.0022145509719848633
227,0.0022145509719848633
228,0.0022145509719848633
229,0.0022145509719848633
230,0.0022145509719848633
231,0.0022145509719848633
232,0.0022145509719848633
233,0.0022145509719848633
234,0.0022145509719848633
235,0.0022145509719848633
236,0.0022145509719848633
237,0.0022145509719848633
238,0.0022145509719848633
239,0.0022145509719848633
240,0.0022145509719848633
241,0.0022145509719848633
242,0.0022145509719848633
243,0.0022145509719848633
244,0.0022145509719848633
245,0.0022145509719848633
246,0.0022145509719848633
247,0.0022145509719848633
248,0.0022145509719848633
249,0.0022145509719848633
250,0.0022145509719848633
251,0.0022145509719848633
252,0.0022145509719848633
253,0.0022145509719848633
254,0.0022145509719848633
255,0.0022145509719848633
256,0.0022145509719848633
257,0.0022145509719848633
258,0.0022145509719848633
259,0.0022145509719848633
260,0.0022145509719848633
261,0.0022145509719848633
262,0.0022145509719848633
263,0.0022145509719848633
264,0.0022145509719848633
265,0.0022145509719848633
266,0.0022145509719848633
267,0.0022145509719848633
268,0.0022145509719848633
269,0.0022145509719848633
270,0.0022145509719848633
271,0.0022145509719848633
272,0.0022145509719848633
273,0.0022145509719848633
274,0.0022145509719848633
275,0.0022145509719848633
276,0.0022145509719848633
277,0.0022145509719848633
278,0.0022145509719848633
279,0.0022145509719848633
280,0.0022145509719848633
281,0.0022145509719848633
282,0.0022145509719848633
283,0.0022145509719848633
284,0.0022145509719848633
285,0.0022145509719848633
286,0.0022145509719848633
287,0.0022145509719848633
288,0.0022145509719848633
289,0.0022145509719848633
290,0.0022145509719848633
291,0.0022145509719848633
292,0.0022145509719848633
293,0.0022145509719848633
294,0.0022145509719848633
295,0.0022145509719848633
296,0.0022145509719848633
297,0.0022145509719848633
298,0.0022145509719848633
299,0.0022145509719848633
300,0.0022145509719848633
301,0.0022145509719848633
302,0.0022145509719848633
303,0.0022145509719848633
304,0.0022145509719848633
305,0.0022145509719848633
306,0.0022145509719848633
307,0.0022145509719848633
308,0.0022145509719848633
309,0.0022145509719848633
310,0.0022145509719848633
311,0.0022145509719848633
312,0.0022145509719848633
313,0.0022145509719848633
314,0.0022145509719848633
315,0.0022145509719848633
316,0.0022145509719848633
317,0.0022145509719848633
318,0.0022145509719848633
319,0.0022145509719848633
320,0.0022145509719848633
321,0.0022145509719848633
322,0.0022145509719848633
323,0.0022145509719848633
324,0.0022145509719848633
325,0.0022145509719848633
326,0.0022145509719848633
327,0.0022145509719848633
328,0.0022145509719848633
329,0.0022145509719848633
330,0.0022145509719848633
331,0.0022145509719848633
332,0.0022145509719848633
333,0.0022145509719848633
334,0.0022145509719848633
335,0.0022145509719848633
336,0.0022145509719848633
337,0.0022145509719848633
338,0.0022145509719848633
339,0.0022145509719848633
340,0.0022145509719848633
341,0.0022145509719848633
342,0.0022145509719848633
343,0.0022145509719848633
344,0.0022145509719848633
345,0.0022145509719848633
346,0.0022145509719848633
347,0.0022145509719848633
348,0.0022145509719848633
349,0.0022145509719848633
350,0.0022145509719848633
351,0.0022145509719848633
352,0.0022145509719848633
353,0.0022145509719848633
354,0.0022145509719848633
355,0.0022145509719848633
356,0.0022145509719848633
357,0.0022145509719848633
358,0.0022145509719848633
359,0.0022145509719848633
360,0.0022145509719848633
361,0.0022145509719848633
362,0.0022145509719848633
363,0.0022145509719848633
364,0.0022145509719848633
365,0.0022145509719848633
366,0.0022145509719848633
367,0.0022145509719848633
368,0.0022145509719848633
369,0.0022145509719848633
370,0.0022145509719848633
371,0.0022145509719848633
372,0.0022145509719848633
373,0.0022145509719848633
374,0.0022145509719848633
375,0.0022145509719848633
376,0.0022145509719848633
377,0.0022145509719848633
378,0.0022145509719848633
379,0.0022145509719848633
380,0.0022145509719848633
381,0.0022145509719848633
382,0.0022145509719848633
383,0.0022145509719848633
384,0.0022145509719848633
385,0.0022145509719848633
386,0.0022145509719848633
387,0.0022145509719848633
388,0.0022145509719848633
389,0.0022145509719848633
390,0.0022145509719848633
391,0.0022145509719848633
392,0.0022145509719848633
393,0.0022145509719848633
394,0.0022145509719848633
395,0.0022145509719848633
396,0.0022145509719848633
397,0.0022145509719848633
398,0.0022145509719848633
399,0.0022145509719848633
400,0.0022145509719848633
401,0.0022145509719848633
402,0.0022145509719848633
403,0.0022145509719848633
404,0.0022145509719848633
405,0.0022145509719848633
406,0.0022145509719848633
407,0.0022145509719848633
408,0.0022145509719848633
409,0.0022145509719848633
410,0.0022145509719848633
411,0.0022145509719848633
412,0.0022145509719848633
413,0.0022145509719848633
414,0.0022145509719848633
415,0.0022145509719848633
416,0.0022145509719848633
417,0.0022145509719848633
418,0.0022145509719848633
419,0.0022145509719848633
420,0.0022145509719848633
421,0.0022145509719848633
422,0.0022145509719848633
423,0.0022145509719848633
424,0.0022145509719848633
425,0.0022145509719848633
426,0.0022145509719848633
427,0.0022145509719848633
428,0.0022145509719848633
429,0.0022145509719848633
430,0.0022145509719848633
431,0.0022145509719848633
432,0.0022145509719848633
433,0.0022145509719848633
434,0.0022145509719848633
435,0.0022145509719848633
436,0.0022145509719848633
437,0.0022145509719848633
438,0.0022145509719848633
439,0.0022145509719848633
440,0.0022145509719848633
441,0.0022145509719848633
442,0.0022145509719848633
443,0.0022145509719848633
444,0.0022145509719848633
445,0.0022145509719848633
446,0.0022145509719848633
447,0.0022145509719848633
448,0.0022145509719848633
449,0.0022145509719848633
450,0.0022145509719848633
451,0.0022145509719848633
452,0.0022145509719848633
453,0.0022145509719848633
454,0.0022145509719848633
455,0.0022145509719848633
456,0.0022145509719848633
457,0.0022145509719848633
458,0.0022145509719848633
459,0.0022145509719848633
460,0.0022145509719848633
461,0.0022145509719848633
462,0.0022145509719848633
463,0.0022145509719848633
464,0.0022145509719848633
465,0.0022145509719848633
466,0.0022145509719848633
467,0.0022145509719848633
468,0.0022145509719848633
469,0.0022145509719848633
470,0.0022145509719848633
471,0.0022145509719848633
472,0.0022145509719848633
473,0.0022145509719848633
474,0.0022145509719848633
475,0.0022145509719848633
476,0.0022145509719848633
477,0.0022145509719848633
478,0.0022145509719848633
479,0.0022145509719848633
480,0.0022145509719848633
481,0.0022145509719848633
482,0.0022145509719848633
483,0.0022145509719848633
484,0.0022145509719848633
485,0.0022145509719848633
486,0.0022145509719848633
487,0.0022145509719848633
488,0.0022145509719848633
489,0.0022145509719848633
490,0.0022145509719848633
491,0.0022145509719848633
492,0.0022145509719848633
493,0.0022145509719848633
494,0.0022145509719848633
495,0.0022145509719848633
496,0.0022145509719848633
497,0.0022145509719848633
498,0.0022145509719848633
499,0.0022145509719848633
500,0.0022145509719848633
501,0.0022145509719848633
502,0.0022145509719848633
503,0.0022145509719848633
504,0.0022145509719848633
505,0.0022145509719848633
506,0.0022145509719848633
507,0.0022145509719848633
508,0.0022145509719848633
509,0.0022145509719848633
510,0.0022145509719848633
511,0.0022145509719848633
512,0.0022145509719848633
513,0.0022145509719848633
514,0.0022145509719848633
515,0.0022145509719848633
516,0.0022145509719848633
517,0.0022145509719848633
518,0.0022145509719848633
519,0.0022145509719848633
520,0.0022145509719848633
521,0.0022145509719848633
522,0.0022145509719848633
523,0.0022145509719848633
524,0.0022145509719848633
525,0.0022145509719848633
526,0.0022145509719848633
527,0.0022145509719848633
528,0.0022145509719848633
529,0.0022145509719848633
530,0.0022145509719848633
531,0.0022145509719848633
532,0.0022145509719848633
533,0.0022145509719848633
534,0.0022145509719848633
535,0.0022145509719848633
536,0.0022145509719848633
537,0.0022145509719848633
538,0.0022145509719848633
539,0.0022145509719848633
540,0.0022145509719848633
541,0.0022145509719848633
542,0.0022145509719848633
543,0.0022145509719848633
544,0.0022145509719848633
545,0.0022145509719848633
546,0.0022145509719848633
547,0.0022145509719848633
548,0.0022145509719848633
549,0.0022145509719848633
550,0.0022145509719848633
551,0.0022145509719848633
552,0.0022145509719848633
553,0.0022145509719848633
554,0.0022145509719848633
555,0.0022145509719848633
556,0.0022145509719848633
557,0.0022145509719848633
558,0.0022145509719848633
559,0.0022145509719848633
560,0.0022145509719848633
561,0.0022145509719848633
562,0.0022145509719848633
563,0.0022145509719848633
564,0.0022145509719848633
565,0.0022145509719848633
566,0.0022145509719848633
567,0.0022145509719848633
568,0.0022145509719848633
569,0.0022145509719848633
570,0.0022145509719848633
571,0.0022145509719848633
572,0.0022145509719848633
573,0.0022145509719848633
574,0.0022145509719848633
575,0.0022145509719848633
576,0.0022145509719848633
577,0.0022145509719848633
578,0.0022145509719848633
579,0.0022145509719848633
580,0.0022145509719848633
581,0.0022145509719848633
582,0.0022145509719848633
583,0.0022145509719848633
584,0.0022145509719848633
585,0.0022145509719848633
586,0.0022145509719848633
587,0.0022145509719848633
588,0.0022145509719848633
589,0.0022145509719848633
590,0.0022145509719848633
591,0.0022145509719848633
592,0.0022145509719848633
593,0.0022145509719848633
594,0.0022145509719848633
595,0.0022145509719848633
596,0.0022145509719848633
597,0.0022145509719848633
598,0.0022145509719848633
599,0.0022145509719848633
600,0.0022145509719848633
601,0.0022145509719848633
602,0.0022145509719848633
603,0.0022145509719848633
604,0.0022145509719848633
605,0.0022145509719848633
606,0.0022145509719848633
607,0.0022145509719848633
608,0.0022145509719848633
609,0.0022145509719848633
610,0.0022145509719848633
611,0.0022145509719848633
612,0.0022145509719848633
613,0.0022145509719848633
614,0.0022145509719848633
615,0.0022145509719848633
616,0.0022145509719848633
617,0.0022145509719848633
618,0.0022145509719848633
619,0.0022145509719848633
620,0.0022145509719848633
621,0.0022145509719848633
622,0.0022145509719848633
623,0.0022145509719848633
624,0.0022145509719848633
625,0.0022145509719848633
626,0.0022145509719848633
627,0.0022145509719848633
628,0.0022145509719848633
629,0.0022145509719848633
630,0.0022145509719848633
631,0.0022145509719848633
632,0.0022145509719848633
633,0.0022145509719848633
634,0.0022145509719848633
635,0.0022145509719848633
636,0.0022145509719848633
637,0.0022145509719848633
638,0.0022145509719848633
639,0.0022145509719848633
640,0.0022145509719848633
641,0.0022145509719848633
642,0.0022145509719848633
643,0.0022145509719848633
644,0.0022145509719848633
645,0.0022145509719848633
646,0.0022145509719848633
647,0.0022145509719848633
648,0.0022145509719848633
649,0.0022145509719848633
650,0.0022145509719848633
651,0.0022145509719848633
652,0.0022145509719848633
653,0.0022145509719848633
654,0.0022145509719848633
655,0.0022145509719848633
656,0.0022145509719848633
657,0.0022145509719848633
658,0.0022145509719848633
659,0.0022145509719848633
660,0.0022145509719848633
661,0.0022145509719848633
662,0.0022145509719848633
663,0.0022145509719848633
664,0.0022145509719848633
665,0.0022145509719848633
666,0.0022145509719848633
667,0.0022145509719848633
668,0.0022145509719848633
669,0.0022145509719848633
670,0.0022145509719848633
671,0.0022145509719848633
672,0.0022145509719848633
673,0.0022145509719848633
674,0.0022145509719848633
675,0.0022145509719848633
676,0.0022145509719848633
677,0.0022145509719848633
678,0.0022145509719848633
679,0.0022145509719848633
680,0.0022145509719848633
681,0.0022145509719848633
682,0.0022145509719848633
683,0.0022145509719848633
684,0.0022145509719848633
685,0.0022145509719848633
686,0.0022145509719848633
687,0.0022145509719848633
688,0.0022145509719848633
689,0.0022145509719848633
690,0.0022145509719848633
691,0.0022145509719848633
692,0.0022145509719848633
693,0.0022145509719848633
694,0.0022145509719848633
695,0.0022145509719848633
696,0.0022145509719848633
697,0.0022145509719848633
698,0.0022145509719848633
699,0.0022145509719848633
700,0.0022145509719848633
701,0.0022145509719848633
702,0.0022145509719848633
703,0.0022145509719848633
704,0.0022145509719848633
705,0.0022145509719848633
706,0.0022145509719848633
707,0.0022145509719848633
708,0.0022145509719848633
709,0.0022145509719848633
710,0.0022145509719848633
711,0.0022145509719848633
712,0.0022145509719848633
713,0.0022145509719848633
714,0.0022145509719848633
715,0.0022145509719848633
716,0.0022145509719848633
717,0.0022145509719848633
718,0.0022145509719848633
719,0.0022145509719848633
720,0.0022145509719848633
721,0.0022145509719848633
722,0.0022145509719848633
723,0.0022145509719848633
724,0.0022145509719848633
725,0.0022145509719848633
726,0.0022145509719848633
727,0.0022145509719848633
728,0.0022145509719848633
729,0.0022145509719848633
730,0.0022145509719848633
731,0.0022145509719848633
732,0.0022145509719848633
733,0.0022145509719848633
734,0.0022145509719848633
735,0.0022145509719848633
736,0.0022145509719848633
737,0.0022145509719848633
738,0.0022145509719848633
739,0.0022145509719848633
740,0.0022145509719848633
741,0.0022145509719848633
742,0.0022145509719848633
743,0.0022145509719848633
744,0.0022145509719848633
745,0.0022145509719848633
746,0.0022145509719848633
747,0.0022145509719848633
748,0.0022145509719848633
749,0.0022145509719848633
750,0.0022145509719848633
751,0.0022145509719848633
752,0.0022145509719848633
753,0.0022145509719848633
754,0.0022145509719848633
755,0.0022145509719848633
756,0.0022145509719848633
757,0.0022145509719848633
758,0.0022145509719848633
759,0.0022145509719848633
760,0.0022145509719848633
761,0.0022145509719848633
762,0.0022145509719848633
763,0.0022145509719848633
764,0.0022145509719848633
765,0.0022145509719848633
766,0.0022145509719848633
767,0.0022145509719848633
768,0.0022145509719848633
769,0.0022145509719848633
770,0.0022145509719848633
771,0.0022145509719848633
772,0.0022145509719848633
773,0.0022145509719848633
774,0.0022145509719848633
775,0.0022145509719848633
776,0.0022145509719848633
777,0.0022145509719848633
778,0.0022145509719848633
779,0.0022145509719848633
780,0.0022145509719848633
781,0.0022145509719848633
782,0.0022145509719848633
783,0.0022145509719848633
784,0.0022145509719848633
785,0.0022145509719848633
786,0.0022145509719848633
787,0.0022145509719848633
788,0.0022145509719848633
789,0.0022145509719848633
790,0.0022145509719848633
791,0.0022145509719848633
792,0.0022145509719848633
793,0.0022145509719848633
794,0.0022145509719848633
795,0.0022145509719848633
796,0.0022145509719848633
797,0.0022145509719848633
798,0.0022145509719848633
799,0.0022145509719848633
800,0.0022145509719848633
801,0.0022145509719848633
802,0.0022145509719848633
803,0.0022145509719848633
804,0.0022145509719848633
805,0.0022145509719848633
806,0.0022145509719848633
807,0.0022145509719848633
808,0.0022145509719848633
809,0.0022145509719848633
810,0.0022145509719848633
811,0.0022145509719848633
812,0.0022145509719848633
813,0.0022145509719848633
814,0.0022145509719848633
815,0.0022145509719848633
816,0.0022145509719848633
817,0.0022145509719848633
818,0.0022145509719848633
819,0.0022145509719848633
820,0.0022145509719848633
821,0.0022145509719848633
822,0.0022145509719848633
823,0.0022145509719848633
824,0.0022145509719848633
825,0.0022145509719848633
826,0.0022145509719848633
827,0.0022145509719848633
828,0.0022145509719848633
829,0.0022145509719848633
830,0.0022145509719848633
831,0.0022145509719848633
832,0.0022145509719848633
833,0.0022145509719848633
834,0.0022145509719848633
835,0.0022145509719848633
836,0.0022145509719848633
837,0.0022145509719848633
838,0.0022145509719848633
839,0.0022145509719848633
840,0.0022145509719848633
841,0.0022145509719848633
842,0.0022145509719848633
843,0.0022145509719848633
844,0.0022145509719848633
845,0.0022145509719848633
846,0.0022145509719848633
847,0.0022145509719848633
848,0.0022145509719848633
849,0.0022145509719848633
850,0.0022145509719848633
851,0.0022145509719848633
852,0.0022145509719848633
853,0.0022145509719848633
854,0.0022145509719848633
855,0.0022145509719848633
856,0.0022145509719848633
857,0.0022145509719848633
858,0.0022145509719848633
859,0.0022145509719848633
860,0.0022145509719848633
861,0.0022145509719848633
862,0.0022145509719848633
863,0.0022145509719848633
864,0.0022145509719848633
865,0.0022145509719848633
866,0.0022145509719848633
867,0.0022145509719848633
868,0.0022145509719848633
869,0.0022145509719848633
870,0.0022145509719848633
871,0.0022145509719848633
872,0.0022145509719848633
873,0.0022145509719848633
874,0.0022145509719848633
875,0.0022145509719848633
876,0.0022145509719848633
877,0.0022145509719848633
878,0.0022145509719848633
879,0.0022145509719848633
880,0.0022145509719848633
881,0.0022145509719848633
882,0.0022145509719848633
883,0.0022145509719848633
884,0.0022145509719848633
885,0.0022145509719848633
886,0.0022145509719848633
887,0.0022145509719848633
888,0.0022145509719848633
889,0.0022145509719848633
890,0.0022145509719848633
891,0.0022145509719848633
892,0.0022145509719848633
893,0.0022145509719848633
894,0.0022145509719848633
895,0.0022145509719848633
896,0.0022145509719848633
897,0.0022145509719848633
898,0.0022145509719848633
899,0.0022145509719848633
900,0.0022145509719848633
901,0.0022145509719848633
902,0.0022145509719848633
903,0.0022145509719848633
904,0.0022145509719848633
905,0.0022145509719848633
906,0.0022145509719848633
907,0.0022145509719848633
908,0.0022145509719848633
909,0.0022145509719848633
910,0.0022145509719848633
911,0.0022145509719848633
912,0.0022145509719848633
913,0.0022145509719848633
914,0.0022145509719848633
915,0.0022145509719848633
916,0.0022145509719848633
917,0.0022145509719848633
918,0.0022145509719848633
919,0.0022145509719848633
920,0.0022145509719848633
921,0.0022145509719848633
922,0.0022145509719848633
923,0.0022145509719848633
924,0.0022145509719848633
925,0.0022145509719848633
926,0.0022145509719848633
927,0.0022145509719848633
928,0.0022145509719848633
929,0.0022145509719848633
930,0.0022145509719848633
931,0.0022145509719848633
932,0.0022145509719848633
933,0.0022145509719848633
934,0.0022145509719848633
935,0.0022145509719848633
936,0.0022145509719848633
937,0.0022145509719848633
938,0.0022145509719848633
939,0.0022145509719848633
940,0.0022145509719848633
941,0.0022145509719848633
942,0.0022145509719848633
943,0.0022145509719848633
944,0.0022145509719848633
945,0.0022145509719848633
946,0.0022145509719848633
947,0.0022145509719848633
948,0.0022145509719848633
949,0.0022145509719848633
950,0.0022145509719848633
951,0.0022145509719848633
952,0.0022145509719848633
953,0.0022145509719848633
954,0.0022145509719848633
955,0.0022145509719848633
956,0.0022145509719848633
957,0.0022145509719848633
958,0.0022145509719848633
959,0.0022145509719848633
960,0.0022145509719848633
961,0.0022145509719848633
962,0.0022145509719848633
963,0.0022145509719848633
964,0.0022145509719848633
965,0.0022145509719848633
966,0.0022145509719848633
967,0.0022145509719848633
968,0.0022145509719848633
969,0.0022145509719848633
970,0.0022145509719848633
971,0.0022145509719848633
972,0.0022145509719848633
973,0.0022145509719848633
974,0.0022145509719848633
975,0.0022145509719848633
976,0.0022145509719848633
977,0.0022145509719848633
978,0.0022145509719848633
979,0.0022145509719848633
980,0.0022145509719848633
981,0.0022145509719848633
982,0.0022145509719848633
983,0.0022145509719848633
984,0.0022145509719848633
985,0.0022145509719848633
986,0.0022145509719848633
987,0.0022145509719848633
988,0.0022145509719848633
989,0.0022145509719848633
990,0.0022145509719848633
991,0.0022145509719848633
992,0.0022145509719848633
993,0.0022145509719848633
994,0.0022145509719848633
995,0.0022145509719848633
996,0.0022145509719848633
997,0.0022145509719848633
998,0.0022145509719848633
999,0.0022145509719848633
1000,0.0022145509719848633
1001,0.0022145509719848633
1002,0.0022145509719848633
1003,0.0022145509719848633
1004,0.0022145509719848633
1005,0.0022145509719848633
1006,0.0022145509719848633
1007,0.0022145509719848633
1008,0.0022145509719848633
1009,0.0022145509719848633
1010,0.0022145509719848633
1011,0.0022145509719848633
1012,0.0022145509719848633
1013,0.0022145509719848633
1014,0.0022145509719848633
1015,0.0022145509719848633
1016,0.0022145509719848633
1017,0.0022145509719848633
1018,0.0022145509719848633
1019,0.0022145509719848633
1020,0.0022145509719848633
1021,0.0022145509719848633
1022,0.0022145509719848633
1023,0.0022145509719848633
1024,0.0022145509719848633
1025,0.0022145509719848633
1026,0.0022145509719848633
1027,0.0022145509719848633
1028,0.0022145509719848633
1029,0.0022145509719848633
1030,0.0022145509719848633
1031,0.0022145509719848633
1032,0.0022145509719848633
1033,0.0022145509719848633
1034,0.0022145509719848633
1035,0.0022145509719848633
1036,0.0022145509719848633
1037,0.0022145509719848633
1038,0.0022145509719848633
1039,0.0022145509719848633
1040,0.0022145509719848633
1041,0.0022145509719848633
1042,0.0022145509719848633
1043,0.0022145509719848633
1044,0.0022145509719848633
1045,0.0022145509719848633
1046,0.0022145509719848633
1047,0.0022145509719848633
1048,0.0022145509719848633
1049,0.0022145509719848633
1050,0.0022145509719848633
1051,0.0022145509719848633
1052,0.0022145509719848633
1053,0.0022145509719848633
1054,0.0022145509719848633
1055,0.0022145509719848633
1056,0.0022145509719848633
1057,0.0022145509719848633
1058,0.0022145509719848633
1059,0.0022145509719848633
1060,0.0022145509719848633
1061,0.0022145509719848633
1062,0.0022145509719848633
1063,0.0022145509719848633
1064,0.0022145509719848633
1065,0.0022145509719848633
1066,0.0022145509719848633
1067,0.0022145509719848633
1068,0.0022145509719848633
1069,0.0022145509719848633
1070,0.0022145509719848633
1071,0.0022145509719848633
1072,0.0022145509719848633
1073,0.0022145509719848633
1074,0.0022145509719848633
1075,0.0022145509719848633
1076,0.0022145509719848633
1077,0.0022145509719848633
1078,0.0022145509719848633
1079,0.0022145509719848633
1080,0.0022145509719848633
1081,0.0022145509719848633
1082,0.0022145509719848633
1083,0.0022145509719848633
1084,0.0022145509719848633
1085,0.0022145509719848633
1086,0.0022145509719848633
1087,0.0022145509719848633
1088,0.0022145509719848633
1089,0.0022145509719848633
1090,0.0022145509719848633
1091,0.0022145509719848633
1092,0.0022145509719848633
1093,0.0022145509719848633
1094,0.0022145509719848633
1095,0.0022145509719848633
1096,0.0022145509719848633
1097,0.0022145509719848633
1098,0.0022145509719848633
1099,0.0022145509719848633
1100,0.0022145509719848633
1101,0.0022145509719848633
1102,0.0022145509719848633
1103,0.0022145509719848633
1104,0.0022145509719848633
1105,0.0022145509719848633
1106,0.0022145509719848633
1107,0.0022145509719848633
1108,0.0022145509719848633
1109,0.0022145509719848633
1110,0.0022145509719848633
1111,0.0022145509719848633
1112,0.0022145509719848633
1113,0.0022145509719848633
1114,0.0022145509719848633
1115,0.0022145509719848633
1116,0.0022145509719848633
1117,0.0022145509719848633
1118,0.0022145509719848633
1119,0.0022145509719848633
1120,0.0022145509719848633
1121,0.0022145509719848633
1122,0.0022145509719848633
1123,0.0022145509719848633
1124,0.0022145509719848633
1125,0.0022145509719848633
1126,0.0022145509719848633
1127,0.0022145509719848633
1128,0.0022145509719848633
1129,0.0022145509719848633
1130,0.0022145509719848633
1131,0.0022145509719848633
1132,0.0022145509719848633
1133,0.0022145509719848633
1134,0.0022145509719848633
1135,0.0022145509719848633
1136,0.0022145509719848633
1137,0.0022145509719848633
1138,0.0022145509719848633
1139,0.0022145509719848633
1140,0.0022145509719848633
1141,0.0022145509719848633
1142,0.0022145509719848633
1143,0.0022145509719848633
1144,0.0022145509719848633
1145,0.0022145509719848633
1146,0.0022145509719848633
1147,0.0022145509719848633
1148,0.0022145509719848633
1149,0.0022145509719848633
1150,0.0022145509719848633
1151,0.0022145509719848633
1152,0.0022145509719848633
1153,0.0022145509719848633
1154,0.0022145509719848633
1155,0.0022145509719848633
1156,0.0022145509719848633
1157,0.0022145509719848633
1158,0.0022145509719848633
1159,0.0022145509719848633
1160,0.0022145509719848633
1161,0.0022145509719848633
1162,0.0022145509719848633
1163,0.0022145509719848633
1164,0.0022145509719848633
1165,0.0022145509719848633
1166,0.0022145509719848633
1167,0.0022145509719848633
1168,0.0022145509719848633
1169,0.0022145509719848633
1170,0.0022145509719848633
1171,0.0022145509719848633
1172,0.0022145509719848633
1173,0.0022145509719848633
1174,0.0022145509719848633
1175,0.0022145509719848633
1176,0.0022145509719848633
1177,0.0022145509719848633
1178,0.0022145509719848633
1179,0.0022145509719848633
1180,0.0022145509719848633
1181,0.0022145509719848633
1182,0.0022145509719848633
1183,0.0022145509719848633
1184,0.0022145509719848633
1185,0.0022145509719848633
1186,0.0022145509719848633
1187,0.0022145509719848633
1188,0.0022145509719848633
1189,0.0022145509719848633
1190,0.0022145509719848633
1191,0.0022145509719848633
1192,0.0022145509719848633
1193,0.0022145509719848633
1194,0.0022145509719848633
1195,0.0022145509719848633
1196,0.0022145509719848633
1197,0.0022145509719848633
1198,0.0022145509719848633
1199,0.0022145509719848633
1200,0.0022145509719848633
1201,0.0022145509719848633
1202,0.0022145509719848633
1203,0.0022145509719848633
1204,0.0022145509719848633
1205,0.0022145509719848633
1206,0.0022145509719848633
1207,0.0022145509719848633
1208,0.0022145509719848633
1209,0.0022145509719848633
1210,0.0022145509719848633
1211,0.0022145509719848633
1212,0.0022145509719848633
1213,0.0022145509719848633
1214,0.0022145509719848633
1215,0.0022145509719848633
1216,0.0022145509719848633
1217,0.0022145509719848633
1218,0.0022145509719848633
1219,0.0022145509719848633
1220,0.0022145509719848633
1221,0.0022145509719848633
1222,0.0022145509719848633
1223,0.0022145509719848633
1224,0.0022145509719848633
1225,0.0022145509719848633
1226,0.0022145509719848633
1227,0.0022145509719848633
1228,0.0022145509719848633
1229,0.0022145509719848633
1230,0.0022145509719848633
1231,0.0022145509719848633
1232,0.0022145509719848633
1233,0.0022145509719848633
1234,0.0022145509719848633
1235,0.0022145509719848633
1236,0.0022145509719848633
1237,0.0022145509719848633
1238,0.0022145509719848633
1239,0.0022145509719848633
1240,0.0022145509719848633
1241,0.0022145509719848633
1242,0.0022145509719848633
1243,0.0022145509719848633
1244,0.0022145509719848633
1245,0.0022145509719848633
1246,0.0022145509719848633
1247,0.0022145509719848633
1248,0.0022145509719848633
1249,0.0022145509719848633
1250,0.0022145509719848633
1251,0.0022145509719848633
1252,0.0022145509719848633
1253,0.0022145509719848633
1254,0.0022145509719848633
1255,0.0022145509719848633
1256,0.0022145509719848633
1257,0.0022145509719848633
1258,0.0022145509719848633
1259,0.0022145509719848633
1260,0.0022145509719848633
1261,0.0022145509719848633
1262,0.0022145509719848633
1263,0.0022145509719848633
1264,0.0022145509719848633
1265,0.0022145509719848633
1266,0.0022145509719848633
1267,0.0022145509719848633
1268,0.0022145509719848633
1269,0.0022145509719848633
1270,0.0022145509719848633
1271,0.0022145509719848633
1272,0.0022145509719848633
1273,0.0022145509719848633
1274,0.0022145509719848633
1275,0.0022145509719848633
1276,0.0022145509719848633
1277,0.0022145509719848633
1278,0.0022145509719848633
1279,0.0022145509719848633
1280,0.0022145509719848633
1281,0.0022145509719848633
1282,0.0022145509719848633
1283,0.0022145509719848633
1284,0.0022145509719848633
1285,0.0022145509719848633
1286,0.0022145509719848633
1287,0.0022145509719848633
1288,0.0022145509719848633
1289,0.0022145509719848633
1290,0.0022145509719848633
1291,0.0022145509719848633
1292,0.0022145509719848633
1293,0.0022145509719848633
1294,0.0022145509719848633
1295,0.0022145509719848633
1296,0.0022145509719848633
1297,0.0022145509719848633
1298,0.0022145509719848633
1299,0.0022145509719848633
1300,0.0022145509719848633
1301,0.0022145509719848633
1302,0.0022145509719848633
1303,0.0022145509719848633
1304,0.0022145509719848633
1305,0.0022145509719848633
1306,0.0022145509719848633
1307,0.0022145509719848633
1308,0.0022145509719848633
1309,0.0022145509719848633
1310,0.0022145509719848633
1311,0.0022145509719848633
1312,0.0022145509719848633
1313,0.0022145509719848633
1314,0.0022145509719848633
1315,0.0022145509719848633
1316,0.0022145509719848633
1317,0.0022145509719848633
1318,0.0022145509719848633
1319,0.0022145509719848633
1320,0.0022145509719848633
1321,0.0022145509719848633
1322,0.0022145509719848633
1323,0.0022145509719848633
1324,0.0022145509719848633
1325,0.0022145509719848633
1326,0.0022145509719848633
1327,0.0022145509719848633
1328,0.0022145509719848633
1329,0.0022145509719848633
1330,0.0022145509719848633
1331,0.0022145509719848633
1332,0.0022145509719848633
1333,0.0022145509719848633
1334,0.0022145509719848633
1335,0.0022145509719848633
1336,0.0022145509719848633
1337,0.0022145509719848633
1338,0.0022145509719848633
1339,0.0022145509719848633
1340,0.0022145509719848633
1341,0.0022145509719848633
1342,0.0022145509719848633
1343,0.0022145509719848633
1344,0.0022145509719848633
1345,0.0022145509719848633
1346,0.0022145509719848633
1347,0.0022145509719848633
1348,0.0022145509719848633
1349,0.0022145509719848633
1350,0.0022145509719848633
1351,0.0022145509719848633
1352,0.0022145509719848633
1353,0.0022145509719848633
1354,0.0022145509719848633
1355,0.0022145509719848633
1356,0.0022145509719848633
1357,0.0022145509719848633
1358,0.0022145509719848633
1359,0.0022145509719848633
1360,0.0022145509719848633
1361,0.0022145509719848633
1362,0.0022145509719848633
1363,0.0022145509719848633
1364,0.0022145509719848633
1365,0.0022145509719848633
1366,0.0022145509719848633
1367,0.0022145509719848633
1368,0.0022145509719848633
1369,0.0022145509719848633
1370,0.0022145509719848633
1371,0.0022145509719848633
1372,0.0022145509719848633
1373,0.0022145509719848633
1374,0.0022145509719848633
1375,0.0022145509719848633
1376,0.0022145509719848633
1377,0.0022145509719848633
1378,0.0022145509719848633
1379,0.0022145509719848633
1380,0.0022145509719848633
1381,0.0022145509719848633
1382,0.0022145509719848633
1383,0.0022145509719848633
1384,0.0022145509719848633
1385,0.0022145509719848633
1386,0.0022145509719848633
1387,0.0022145509719848633
1388,0.0022145509719848633
1389,0.0022145509719848633
1390,0.0022145509719848633
1391,0.0022145509719848633
1392,0.0022145509719848633
1393,0.0022145509719848633
1394,0.0022145509719848633
1395,0.0022145509719848633
1396,0.0022145509719848633
1397,0.0022145509719848633
1398,0.0022145509719848633
1399,0.0022145509719848633
1400,0.0022145509719848633
1401,0.0022145509719848633
1402,0.0022145509719848633
1403,0.0022145509719848633
1404,0.0022145509719848633
1405,0.0022145509719848633
1406,0.0022145509719848633
1407,0.0022145509719848633
1408,0.0022145509719848633
1409,0.0022145509719848633
1410,0.0022145509719848633
1411,0.0022145509719848633
1412,0.0022145509719848633
1413,0.0022145509719848633
1414,0.0022145509719848633
1415,0.0022145509719848633
1416,0.0022145509719848633
1417,0.0022145509719848633
1418,0.0022145509719848633
1419,0.0022145509719848633
1420,0.0022145509719848633
1421,0.0022145509719848633
1422,0.0022145509719848633
1423,0.0022145509719848633
1424,0.0022145509719848633
1425,0.0022145509719848633
1426,0.0022145509719848633
1427,0.0022145509719848633
1428,0.0022145509719848633
1429,0.0022145509719848633
1430,0.0022145509719848633
1431,0.0022145509719848633
1432,0.0022145509719848633
1433,0.0022145509719848633
1434,0.0022145509719848633
1435,0.0022145509719848633
1436,0.0022145509719848633
1437,0.0022145509719848633
1438,0.0022145509719848633
1439,0.0022145509719848633
1440,0.0022145509719848633
1441,0.0022145509719848633
1442,0.0022145509719848633
1443,0.0022145509719848633
1444,0.0022145509719848633
1445,0.0022145509719848633
1446,0.0022145509719848633
1447,0.0022145509719848633
1448,0.0022145509719848633
1449,0.0022145509719848633
1450,0.0022145509719848633
1451,0.0022145509719848633
1452,0.0022145509719848633
1453,0.0022145509719848633
1454,0.0022145509719848633
1455,0.0022145509719848633
1456,0.0022145509719848633
1457,0.0022145509719848633
1458,0.0022145509719848633
1459,0.0022145509719848633
1460,0.0022145509719848633
1461,0.0022145509719848633
1462,0.0022145509719848633
1463,0.0022145509719848633
1464,0.0022145509719848633
1465,0.0022145509719848633
1466,0.0022145509719848633
1467,0.0022145509719848633
1468,0.0022145509719848633
1469,0.0022145509719848633
1470,0.0022145509719848633
1471,0.0022145509719848633
1472,0.0022145509719848633
1473,0.0022145509719848633
1474,0.0022145509719848633
1475,0.0022145509719848633
1476,0.0022145509719848633
1477,0.0022145509719848633
1478,0.0022145509719848633
1479,0.0022145509719848633
1480,0.0022145509719848633
1481,0.0022145509719848633
1482,0.0022145509719848633
1483,0.0022145509719848633
1484,0.0022145509719848633
1485,0.0022145509719848633
1486,0.0022145509719848633
1487,0.0022145509719848633
1488,0.0022145509719848633
1489,0.0022145509719848633
1490,0.0022145509719848633
1491,0.0022145509719848633
1492,0.0022145509719848633
1493,0.0022145509719848633
1494,0.0022145509719848633
1495,0.0022145509719848633
1496,0.0022145509719848633
1497,0.0022145509719848633
1498,0.0022145509719848633
1499,0.0022145509719848633
1500,0.0022145509719848633
1501,0.0022145509719848633
1502,0.0022145509719848633
1503,0.0022145509719848633
1504,0.0022145509719848633
1505,0.0022145509719848633
1506,0.0022145509719848633
1507,0.0022145509719848633
1508,0.0022145509719848633
1509,0.0022145509719848633
1510,0.0022145509719848633
1511,0.0022145509719848633
1512,0.0022145509719848633
1513,0.0022145509719848633
1514,0.0022145509719848633
1515,0.0022145509719848633
1516,0.0022145509719848633
1517,0.0022145509719848633
1518,0.0022145509719848633
1519,0.0022145509719848633
1520,0.0022145509719848633
1521,0.0022145509719848633
1522,0.0022145509719848633
1523,0.0022145509719848633
1524,0.0022145509719848633
1525,0.0022145509719848633
1526,0.0022145509719848633
1527,0.0022145509719848633
1528,0.0022145509719848633
1529,0.0022145509719848633
1530,0.0022145509719848633
1531,0.0022145509719848633
1532,0.0022145509719848633
1533,0.0022145509719848633
1534,0.0022145509719848633
1535,0.0022145509719848633
1536,0.0022145509719848633
1537,0.0022145509719848633
1538,0.0022145509719848633
1539,0.0022145509719848633
1540,0.0022145509719848633
1541,0.0022145509719848633
1542,0.0022145509719848633
1543,0.0022145509719848633
1544,0.0022145509719848633
1545,0.0022145509719848633
1546,0.0022145509719848633
1547,0.0022145509719848633
1548,0.0022145509719848633
1549,0.0022145509719848633
1550,0.0022145509719848633
1551,0.0022145509719848633
1552,0.0022145509719848633
1553,0.0022145509719848633
1554,0.0022145509719848633
1555,0.0022145509719848633
1556,0.0022145509719848633
1557,0.0022145509719848633
1558,0.0022145509719848633
1559,0.0022145509719848633
1560,0.0022145509719848633
1561,0.0022145509719848633
1562,0.0022145509719848633
1563,0.0022145509719848633
1564,0.0022145509719848633
1565,0.0022145509719848633
1566,0.0022145509719848633
1567,0.0022145509719848633
1568,0.0022145509719848633
1569,0.0022145509719848633
1570,0.0022145509719848633
1571,0.0022145509719848633
1572,0.0022145509719848633
1573,0.0022145509719848633
1574,0.0022145509719848633
1575,0.0022145509719848633
1576,0.0022145509719848633
1577,0.0022145509719848633
1578,0.0022145509719848633
1579,0.0022145509719848633
1580,0.0022145509719848633
1581,0.0022145509719848633
1582,0.0022145509719848633
1583,0.0022145509719848633
1584,0.0022145509719848633
1585,0.0022145509719848633
1586,0.0022145509719848633
1587,0.0022145509719848633
1588,0.0022145509719848633
1589,0.0022145509719848633
1590,0.0022145509719848633
1591,0.0022145509719848633
1592,0.0022145509719848633
1593,0.0022145509719848633
1594,0.0022145509719848633
1595,0.0022145509719848633
1596,0.0022145509719848633
1597,0.0022145509719848633
1598,0.0022145509719848633
1599,0.0022145509719848633
1600,0.0022145509719848633
1601,0.0022145509719848633
1602,0.0022145509719848633
1603,0.0022145509719848633
1604,0.0022145509719848633
1605,0.0022145509719848633
1606,0.0022145509719848633
1607,0.0022145509719848633
1608,0.0022145509719848633
1609,0.0022145509719848633
1610,0.0022145509719848633
1611,0.0022145509719848633
1612,0.0022145509719848633
1613,0.0022145509719848633
1614,0.0022145509719848633
1615,0.0022145509719848633
1616,0.0022145509719848633
1617,0.0022145509719848633
1618,0.0022145509719848633
1619,0.0022145509719848633
1620,0.0022145509719848633
1621,0.0022145509719848633
1622,0.0022145509719848633
1623,0.0022145509719848633
1624,0.0022145509719848633
1625,0.0022145509719848633
1626,0.0022145509719848633
1627,0.0022145509719848633
1628,0.0022145509719848633
1629,0.0022145509719848633
1630,0.0022145509719848633
1631,0.0022145509719848633
1632,0.0022145509719848633
1633,0.0022145509719848633
1634,0.0022145509719848633
1635,0.0022145509719848633
1636,0.0022145509719848633
1637,0.0022145509719848633
1638,0.0022145509719848633
1639,0.0022145509719848633
1640,0.0022145509719848633
1641,0.0022145509719848633
1642,0.0022145509719848633
1643,0.0022145509719848633
1644,0.0022145509719848633
1645,0.0022145509719848633
1646,0.0022145509719848633
1647,0.0022145509719848633
1648,0.0022145509719848633
1649,0.0022145509719848633
1650,0.0022145509719848633
1651,0.0022145509719848633
1652,0.0022145509719848633
1653,0.0022145509719848633
1654,0.0022145509719848633
1655,0.0022145509719848633
1656,0.0022145509719848633
1657,0.0022145509719848633
1658,0.0022145509719848633
1659,0.0022145509719848633
1660,0.0022145509719848633
1661,0.0022145509719848633
1662,0.0022145509719848633
1663,0.0022145509719848633
1664,0.0022145509719848633
1665,0.0022145509719848633
1666,0.0022145509719848633
1667,0.0022145509719848633
1668,0.0022145509719848633
1669,0.0022145509719848633
1670,0.0022145509719848633
1671,0.0022145509719848633
1672,0.0022145509719848633
1673,0.0022145509719848633
1674,0.0022145509719848633
1675,0.0022145509719848633
1676,0.0022145509719848633
1677,0.0022145509719848633
1678,0.0022145509719848633
1679,0.0022145509719848633
1680,0.0022145509719848633
1681,0.0022145509719848633
1682,0.0022145509719848633
1683,0.0022145509719848633
1684,0.0022145509719848633
1685,0.0022145509719848633
1686,0.0022145509719848633
1687,0.0022145509719848633
1688,0.0022145509719848633
1689,0.0022145509719848633
1690,0.0022145509719848633
1691,0.0022145509719848633
1692,0.0022145509719848633
1693,0.0022145509719848633
1694,0.0022145509719848633
1695,0.0022145509719848633
1696,0.0022145509719848633
1697,0.0022145509719848633
1698,0.0022145509719848633
1699,0.0022145509719848633
1700,0.0022145509719848633
1701,0.0022145509719848633
1702,0.0022145509719848633
1703,0.0022145509719848633
1704,0.0022145509719848633
1705,0.0022145509719848633
1706,0.0022145509719848633
1707,0.0022145509719848633
1708,0.0022145509719848633
1709,0.0022145509719848633
1710,0.0022145509719848633
1711,0.0022145509719848633
1712,0.0022145509719848633
1713,0.0022145509719848633
1714,0.0022145509719848633
1715,0.0022145509719848633
1716,0.0022145509719848633
1717,0.0022145509719848633
1718,0.0022145509719848633
1719,0.0022145509719848633
1720,0.0022145509719848633
1721,0.0022145509719848633
1722,0.0022145509719848633
1723,0.0022145509719848633
1724,0.0022145509719848633
1725,0.0022145509719848633
1726,0.0022145509719848633
1727,0.0022145509719848633
1728,0.0022145509719848633
1729,0.0022145509719848633
1730,0.0022145509719848633
1731,0.0022145509719848633
1732,0.0022145509719848633
1733,0.0022145509719848633
1734,0.0022145509719848633
1735,0.0022145509719848633
1736,0.0022145509719848633
1737,0.0022145509719848633
1738,0.0022145509719848633
1739,0.0022145509719848633
1740,0.0022145509719848633
1741,0.0022145509719848633
1742,0.0022145509719848633
1743,0.0022145509719848633
1744,0.0022145509719848633
1745,0.0022145509719848633
1746,0.0022145509719848633
1747,0.0022145509719848633
1748,0.0022145509719848633
1749,0.0022145509719848633
1750,0.0022145509719848633
1751,0.0022145509719848633
1752,0.0022145509719848633
1753,0.0022145509719848633
1754,0.0022145509719848633
1755,0.0022145509719848633
1756,0.0022145509719848633
1757,0.0022145509719848633
1758,0.0022145509719848633
1759,0.0022145509719848633
1760,0.0022145509719848633
1761,0.0022145509719848633
1762,0.0022145509719848633
1763,0.0022145509719848633
1764,0.0022145509719848633
1765,0.0022145509719848633
1766,0.0022145509719848633
1767,0.0022145509719848633
1768,0.0022145509719848633
1769,0.0022145509719848633
1770,0.0022145509719848633
1771,0.0022145509719848633
1772,0.0022145509719848633
1773,0.0022145509719848633
1774,0.0022145509719848633
1775,0.0022145509719848633
1776,0.0022145509719848633
1777,0.0022145509719848633
1778,0.0022145509719848633
1779,0.0022145509719848633
1780,0.0022145509719848633
1781,0.0022145509719848633
1782,0.0022145509719848633
1783,0.0022145509719848633
1784,0.0022145509719848633
1785,0.0022145509719848633
1786,0.0022145509719848633
1787,0.0022145509719848633
1788,0.0022145509719848633
1789,0.0022145509719848633
1790,0.0022145509719848633
1791,0.0022145509719848633
1792,0.0022145509719848633
1793,0.0022145509719848633
1794,0.0022145509719848633
1795,0.0022145509719848633
1796,0.0022145509719848633
1797,0.0022145509719848633
1798,0.0022145509719848633
1799,0.0022145509719848633
1800,0.0022145509719848633
1801,0.0022145509719848633
1802,0.0022145509719848633
1803,0.0022145509719848633
1804,0.0022145509719848633
1805,0.0022145509719848633
1806,0.0022145509719848633
1807,0.0022145509719848633
1808,0.0022145509719848633
1809,0.0022145509719848633
1810,0.0022145509719848633
1811,0.0022145509719848633
1812,0.0022145509719848633
1813,0.0022145509719848633
1814,0.0022145509719848633
1815,0.0022145509719848633
1816,0.0022145509719848633
1817,0.0022145509719848633
1818,0.0022145509719848633
1819,0.0022145509719848633
1820,0.0022145509719848633
1821,0.0022145509719848633
1822,0.0022145509719848633
1823,0.0022145509719848633
1824,0.0022145509719848633
1825,0.0022145509719848633
1826,0.0022145509719848633
1827,0.0022145509719848633
1828,0.0022145509719848633
1829,0.0022145509719848633
1830,0.0022145509719848633
1831,0.0022145509719848633
1832,0.0022145509719848633
1833,0.0022145509719848633
1834,0.0022145509719848633
1835,0.0022145509719848633
1836,0.0022145509719848633
1837,0.0022145509719848633
1838,0.0022145509719848633
1839,0.0022145509719848633
1840,0.0022145509719848633
1841,0.0022145509719848633
1842,0.0022145509719848633
1843,0.0022145509719848633
1844,0.0022145509719848633
1845,0.0022145509719848633
1846,0.0022145509719848633
1847,0.0022145509719848633
1848,0.0022145509719848633
1849,0.0022145509719848633
1850,0.0022145509719848633
1851,0.0022145509719848633
1852,0.0022145509719848633
1853,0.0022145509719848633
1854,0.0022145509719848633
1855,0.0022145509719848633
1856,0.0022145509719848633
1857,0.0022145509719848633
1858,0.0022145509719848633
1859,0.0022145509719848633
1860,0.0022145509719848633
1861,0.0022145509719848633
1862,0.0022145509719848633
1863,0.0022145509719848633
1864,0.0022145509719848633
1865,0.0022145509719848633
1866,0.0022145509719848633
1867,0.0022145509719848633
1868,0.0022145509719848633
1869,0.0022145509719848633
1870,0.0022145509719848633
1871,0.0022145509719848633
1872,0.0022145509719848633
1873,0.0022145509719848633
1874,0.0022145509719848633
1875,0.0022145509719848633
1876,0.0022145509719848633
1877,0.0022145509719848633
1878,0.0022145509719848633
1879,0.0022145509719848633
1880,0.0022145509719848633
1881,0.0022145509719848633
1882,0.0022145509719848633
1883,0.0022145509719848633
1884,0.0022145509719848633
1885,0.0022145509719848633
1886,0.0022145509719848633
1887,0.0022145509719848633
1888,0.0022145509719848633
1889,0.0022145509719848633
1890,0.0022145509719848633
1891,0.0022145509719848633
1892,0.0022145509719848633
1893,0.0022145509719848633
1894,0.0022145509719848633
1895,0.0022145509719848633
1896,0.0022145509719848633
1897,0.0022145509719848633
1898,0.0022145509719848633
1899,0.0022145509719848633
1900,0.0022145509719848633
1901,0.0022145509719848633
1902,0.0022145509719848633
1903,0.0022145509719848633
1904,0.0022145509719848633
1905,0.0022145509719848633
1906,0.0022145509719848633
1907,0.0022145509719848633
1908,0.0022145509719848633
1909,0.0022145509719848633
1910,0.0022145509719848633
1911,0.0022145509719848633
1912,0.0022145509719848633
1913,0.0022145509719848633
1914,0.0022145509719848633
1915,0.0022145509719848633
1916,0.0022145509719848633
1917,0.0022145509719848633
1918,0.0022145509719848633
1919,0.0022145509719848633
1920,0.0022145509719848633
1921,0.0022145509719848633
1922,0.0022145509719848633
1923,0.0022145509719848633
1924,0.0022145509719848633
1925,0.0022145509719848633
1926,0.0022145509719848633
1927,0.0022145509719848633
1928,0.0022145509719848633
1929,0.0022145509719848633
1930,0.0022145509719848633
1931,0.0022145509719848633
1932,0.0022145509719848633
1933,0.0022145509719848633
1934,0.0022145509719848633
1935,0.0022145509719848633
1936,0.0022145509719848633
1937,0.0022145509719848633
1938,0.0022145509719848633
1939,0.0022145509719848633
1940,0.0022145509719848633
1941,0.0022145509719848633
1942,0.0022145509719848633
1943,0.0022145509719848633
1944,0.0022145509719848633
1945,0.0022145509719848633
1946,0.0022145509719848633
1947,0.0022145509719848633
1948,0.0022145509719848633
1949,0.0022145509719848633
1950,0.0022145509719848633
1951,0.0022145509719848633
1952,0.0022145509719848633
1953,0.0022145509719848633
1954,0.0022145509719848633
1955,0.0022145509719848633
1956,0.0022145509719848633
1957,0.0022145509719848633
1958,0.0022145509719848633
1959,0.0022145509719848633
1960,0.0022145509719848633
1961,0.0022145509719848633
1962,0.0022145509719848633
1963,0.0022145509719848633
1964,0.0022145509719848633
1965,0.0022145509719848633
1966,0.0022145509719848633
1967,0.0022145509719848633
1968,0.0022145509719848633
1969,0.0022145509719848633
1970,0.0022145509719848633
1971,0.0022145509719848633
1972,0.0022145509719848633
1973,0.0022145509719848633
1974,0.0022145509719848633
1975,0.0022145509719848633
1976,0.0022145509719848633
1977,0.0022145509719848633
1978,0.0022145509719848633
1979,0.0022145509719848633
1980,0.0022145509719848633
1981,0.0022145509719848633
1982,0.0022145509719848633
1983,0.0022145509719848633
1984,0.0022145509719848633
1985,0.0022145509719848633
1986,0.0022145509719848633
1987,0.0022145509719848633
1988,0.0022145509719848633
1989,0.0022145509719848633
1990,0.0022145509719848633
1991,0.0022145509719848633
1992,0.0022145509719848633
1993,0.0022145509719848633
1994,0.0022145509719848633
1995,0.0022145509719848633
1996,0.0022145509719848633
1997,0.0022145509719848633
1998,0.0022145509719848633
1999,0.0022145509719848633
2000,0.0022145509719848633
2001,0.0022145509719848633
2002,0.0022145509719848633
2003,0.0022145509719848633
2004,0.0022145509719848633
2005,0.0022145509719848633
2006,0.0022145509719848633
2007,0.0022145509719848633
2008,0.0022145509719848633
2009,0.0022145509719848633
2010,0.0022145509719848633
2011,0.0022145509719848633
2012,0.0022145509719848633
2013,0.0022145509719848633
2014,0.0022145509719848633
2015,0.0022145509719848633
2016,0.0022145509719848633
2017,0.0022145509719848633
2018,0.0022145509719848633
2019,0.0022145509719848633
2020,0.0022145509719848633
2021,0.0022145509719848633
2022,0.0022145509719848633
2023,0.0022145509719848633
2024,0.0022145509719848633
2025,0.0022145509719848633
2026,0.0022145509719848633
2027,0.0022145509719848633
2028,0.0022145509719848633
2029,0.0022145509719848633
2030,0.0022145509719848633
2031,0.0022145509719848633
2032,0.0022145509719848633
2033,0.0022145509719848633
2034,0.0022145509719848633
2035,0.0022145509719848633
2036,0.0022145509719848633
2037,0.0022145509719848633
2038,0.0022145509719848633
2039,0.0022145509719848633
2040,0.0022145509719848633
2041,0.0022145509719848633
2042,0.0022145509719848633
2043,0.0022145509719848633
2044,0.0022145509719848633
2045,0.0022145509719848633
2046,0.0022145509719848633
2047,0.0022145509719848633
2048,0.0022145509719848633
2049,0.0022145509719848633
2050,0.0022145509719848633
2051,0.0022145509719848633
2052,0.0022145509719848633
2053,0.0022145509719848633
2054,0.0022145509719848633
2055,0.0022145509719848633
2056,0.0022145509719848633
2057,0.0022145509719848633
2058,0.0022145509719848633
2059,0.0022145509719848633
2060,0.0022145509719848633
2061,0.0022145509719848633
2062,0.0022145509719848633
2063,0.0022145509719848633
2064,0.0022145509719848633
2065,0.0022145509719848633
2066,0.0022145509719848633
2067,0.0022145509719848633
2068,0.0022145509719848633
2069,0.0022145509719848633
2070,0.0022145509719848633
2071,0.0022145509719848633
2072,0.0022145509719848633
2073,0.0022145509719848633
2074,0.0022145509719848633
2075,0.0022145509719848633
2076,0.0022145509719848633
2077,0.0022145509719848633
2078,0.0022145509719848633
2079,0.0022145509719848633
2080,0.0022145509719848633
2081,0.0022145509719848633
2082,0.0022145509719848633
2083,0.0022145509719848633
2084,0.0022145509719848633
2085,0.0022145509719848633
2086,0.0022145509719848633
2087,0.0022145509719848633
2088,0.0022145509719848633
2089,0.0022145509719848633
2090,0.0022145509719848633
2091,0.0022145509719848633
2092,0.0022145509719848633
2093,0.0022145509719848633
2094,0.0022145509719848633
2095,0.0022145509719848633
2096,0.0022145509719848633
2097,0.0022145509719848633
2098,0.0022145509719848633
2099,0.0022145509719848633
2100,0.0022145509719848633
2101,0.0022145509719848633
2102,0.0022145509719848633
2103,0.0022145509719848633
2104,0.0022145509719848633
2105,0.0022145509719848633
2106,0.0022145509719848633
2107,0.0022145509719848633
2108,0.0022145509719848633
2109,0.0022145509719848633
2110,0.0022145509719848633
2111,0.0022145509719848633
2112,0.0022145509719848633
2113,0.0022145509719848633
2114,0.0022145509719848633
2115,0.0022145509719848633
2116,0.0022145509719848633
2117,0.0022145509719848633
2118,0.0022145509719848633
2119,0.0022145509719848633
2120,0.0022145509719848633
2121,0.0022145509719848633
2122,0.0022145509719848633
2123,0.0022145509719848633
2124,0.0022145509719848633
2125,0.0022145509719848633
2126,0.0022145509719848633
2127,0.0022145509719848633
2128,0.0022145509719848633
2129,0.0022145509719848633
2130,0.0022145509719848633
2131,0.0022145509719848633
2132,0.0022145509719848633
2133,0.0022145509719848633
2134,0.0022145509719848633
2135,0.0022145509719848633
2136,0.0022145509719848633
2137,0.0022145509719848633
2138,0.0022145509719848633
2139,0.0022145509719848633
2140,0.0022145509719848633
2141,0.0022145509719848633
2142,0.0022145509719848633
2143,0.0022145509719848633
2144,0.0022145509719848633
2145,0.0022145509719848633
2146,0.0022145509719848633
2147,0.0022145509719848633
2148,0.0022145509719848633
2149,0.0022145509719848633
2150,0.0022145509719848633
2151,0.0022145509719848633
2152,0.0022145509719848633
2153,0.0022145509719848633
2154,0.0022145509719848633
2155,0.0022145509719848633
2156,0.0022145509719848633
2157,0.0022145509719848633
2158,0.0022145509719848633
2159,0.0022145509719848633
2160,0.0022145509719848633
2161,0.0022145509719848633
2162,0.0022145509719848633
2163,0.0022145509719848633
2164,0.0022145509719848633
2165,0.0022145509719848633
2166,0.0022145509719848633
2167,0.0022145509719848633
2168,0.0022145509719848633
2169,0.0022145509719848633
2170,0.0022145509719848633
2171,0.0022145509719848633
2172,0.0022145509719848633
2173,0.0022145509719848633
2174,0.0022145509719848633
2175,0.0022145509719848633
2176,0.0022145509719848633
2177,0.0022145509719848633
2178,0.0022145509719848633
2179,0.0022145509719848633
2180,0.0022145509719848633
2181,0.0022145509719848633
2182,0.0022145509719848633
2183,0.0022145509719848633
2184,0.0022145509719848633
2185,0.0022145509719848633
2186,0.0022145509719848633
2187,0.0022145509719848633
2188,0.0022145509719848633
2189,0.0022145509719848633
2190,0.0022145509719848633
2191,0.0022145509719848633
2192,0.0022145509719848633
2193,0.0022145509719848633
2194,0.0022145509719848633
2195,0.0022145509719848633
2196,0.0022145509719848633
2197,0.0022145509719848633
2198,0.0022145509719848633
2199,0.0022145509719848633
2200,0.0022145509719848633
2201,0.0022145509719848633
2202,0.0022145509719848633
2203,0.0022145509719848633
2204,0.0022145509719848633
2205,0.0022145509719848633
2206,0.0022145509719848633
2207,0.0022145509719848633
2208,0.0022145509719848633
2209,0.0022145509719848633
2210,0.0022145509719848633
2211,0.0022145509719848633
2212,0.0022145509719848633
2213,0.0022145509719848633
2214,0.0022145509719848633
2215,0.0022145509719848633
2216,0.0022145509719848633
2217,0.0022145509719848633
2218,0.0022145509719848633
2219,0.0022145509719848633
2220,0.0022145509719848633
2221,0.0022145509719848633
2222,0.0022145509719848633
2223,0.0022145509719848633
2224,0.0022145509719848633
2225,0.0022145509719848633
2226,0.0022145509719848633
2227,0.0022145509719848633
2228,0.0022145509719848633
2229,0.0022145509719848633
2230,0.0022145509719848633
2231,0.0022145509719848633
2232,0.0022145509719848633
2233,0.0022145509719848633
2234,0.0022145509719848633
2235,0.0022145509719848633
2236,0.0022145509719848633
2237,0.0022145509719848633
2238,0.0022145509719848633
2239,0.0022145509719848633
2240,0.0022145509719848633
2241,0.0022145509719848633
2242,0.0022145509719848633
2243,0.0022145509719848633
2244,0.0022145509719848633
2245,0.0022145509719848633
2246,0.0022145509719848633
2247,0.0022145509719848633
2248,0.0022145509719848633
2249,0.0022145509719848633
2250,0.0022145509719848633
2251,0.0022145509719848633
2252,0.0022145509719848633
2253,0.0022145509719848633
2254,0.0022145509719848633
2255,0.0022145509719848633
2256,0.0022145509719848633
2257,0.0022145509719848633
2258,0.0022145509719848633
2259,0.0022145509719848633
2260,0.0022145509719848633
2261,0.0022145509719848633
2262,0.0022145509719848633
2263,0.0022145509719848633
2264,0.0022145509719848633
2265,0.0022145509719848633
2266,0.0022145509719848633
2267,0.0022145509719848633
2268,0.0022145509719848633
2269,0.0022145509719848633
2270,0.0022145509719848633
2271,0.0022145509719848633
2272,0.0022145509719848633
2273,0.0022145509719848633
2274,0.0022145509719848633
2275,0.0022145509719848633
2276,0.0022145509719848633
2277,0.0022145509719848633
2278,0.0022145509719848633
2279,0.0022145509719848633
2280,0.0022145509719848633
2281,0.0022145509719848633
2282,0.0022145509719848633
2283,0.0022145509719848633
2284,0.0022145509719848633
2285,0.0022145509719848633
2286,0.0022145509719848633
2287,0.0022145509719848633
2288,0.0022145509719848633
2289,0.0022145509719848633
2290,0.0022145509719848633
2291,0.0022145509719848633
2292,0.0022145509719848633
2293,0.0022145509719848633
2294,0.0022145509719848633
2295,0.0022145509719848633
2296,0.0022145509719848633
2297,0.0022145509719848633
2298,0.0022145509719848633
2299,0.0022145509719848633
2300,0.0022145509719848633
2301,0.0022145509719848633
2302,0.0022145509719848633
2303,0.0022145509719848633
2304,0.0022145509719848633
2305,0.0022145509719848633
2306,0.0022145509719848633
2307,0.0022145509719848633
2308,0.0022145509719848633
2309,0.0022145509719848633
2310,0.0022145509719848633
2311,0.0022145509719848633
2312,0.0022145509719848633
2313,0.0022145509719848633
2314,0.0022145509719848633
2315,0.0022145509719848633
2316,0.0022145509719848633
2317,0.0022145509719848633
2318,0.0022145509719848633
2319,0.0022145509719848633
2320,0.0022145509719848633
2321,0.0022145509719848633
2322,0.0022145509719848633
2323,0.0022145509719848633
2324,0.0022145509719848633
2325,0.0022145509719848633
2326,0.0022145509719848633
2327,0.0022145509719848633
2328,0.0022145509719848633
2329,0.0022145509719848633
2330,0.0022145509719848633
2331,0.0022145509719848633
2332,0.0022145509719848633
2333,0.0022145509719848633
2334,0.0022145509719848633
2335,0.0022145509719848633
2336,0.0022145509719848633
2337,0.0022145509719848633
2338,0.0022145509719848633
2339,0.0022145509719848633
2340,0.0022145509719848633
2341,0.0022145509719848633
2342,0.0022145509719848633
2343,0.0022145509719848633
2344,0.0022145509719848633
2345,0.0022145509719848633
2346,0.0022145509719848633
2347,0.0022145509719848633
2348,0.0022145509719848633
2349,0.0022145509719848633
2350,0.0022145509719848633
2351,0.0022145509719848633
2352,0.0022145509719848633
2353,0.0022145509719848633
2354,0.0022145509719848633
2355,0.0022145509719848633
2356,0.0022145509719848633
2357,0.0022145509719848633
2358,0.0022145509719848633
2359,0.0022145509719848633
2360,0.0022145509719848633
2361,0.0022145509719848633
2362,0.0022145509719848633
2363,0.0022145509719848633
2364,0.0022145509719848633
2365,0.0022145509719848633
2366,0.0022145509719848633
2367,0.0022145509719848633
2368,0.0022145509719848633
2369,0.0022145509719848633
2370,0.0022145509719848633
2371,0.0022145509719848633
2372,0.0022145509719848633
2373,0.0022145509719848633
2374,0.0022145509719848633
2375,0.0022145509719848633
2376,0.0022145509719848633
2377,0.0022145509719848633
2378,0.0022145509719848633
2379,0.0022145509719848633
2380,0.0022145509719848633
2381,0.0022145509719848633
2382,0.0022145509719848633
2383,0.0022145509719848633
2384,0.0022145509719848633
2385,0.0022145509719848633
2386,0.0022145509719848633
2387,0.0022145509719848633
2388,0.0022145509719848633
2389,0.0022145509719848633
2390,0.0022145509719848633
2391,0.0022145509719848633
2392,0.0022145509719848633
2393,0.0022145509719848633
2394,0.0022145509719848633
2395,0.0022145509719848633
2396,0.0022145509719848633
2397,0.0022145509719848633
2398,0.0022145509719848633
2399,0.0022145509719848633
2400,0.0022145509719848633
2401,0.0022145509719848633
2402,0.0022145509719848633
2403,0.0022145509719848633
2404,0.0022145509719848633
2405,0.0022145509719848633
2406,0.0022145509719848633
2407,0.0022145509719848633
2408,0.0022145509719848633
2409,0.0022145509719848633
2410,0.0022145509719848633
2411,0.0022145509719848633
2412,0.0022145509719848633
2413,0.0022145509719848633
2414,0.0022145509719848633
2415,0.0022145509719848633
2416,0.0022145509719848633
2417,0.0022145509719848633
2418,0.0022145509719848633
2419,0.0022145509719848633
2420,0.0022145509719848633
2421,0.0022145509719848633
2422,0.0022145509719848633
2423,0.0022145509719848633
2424,0.0022145509719848633
2425,0.0022145509719848633
2426,0.0022145509719848633
2427,0.0022145509719848633
2428,0.0022145509719848633
2429,0.0022145509719848633
2430,0.0022145509719848633
2431,0.0022145509719848633
2432,0.0022145509719848633
2433,0.0022145509719848633
2434,0.0022145509719848633
2435,0.0022145509719848633
2436,0.0022145509719848633
2437,0.0022145509719848633
2438,0.0022145509719848633
2439,0.0022145509719848633
2440,0.0022145509719848633
2441,0.0022145509719848633
2442,0.0022145509719848633
2443,0.0022145509719848633
2444,0.0022145509719848633
2445,0.0022145509719848633
2446,0.0022145509719848633
2447,0.0022145509719848633
2448,0.0022145509719848633
2449,0.0022145509719848633
2450,0.0022145509719848633
2451,0.0022145509719848633
2452,0.0022145509719848633
2453,0.0022145509719848633
2454,0.0022145509719848633
2455,0.0022145509719848633
2456,0.0022145509719848633
2457,0.0022145509719848633
2458,0.0022145509719848633
2459,0.0022145509719848633
2460,0.0022145509719848633
2461,0.0022145509719848633
2462,0.0022145509719848633
2463,0.0022145509719848633
2464,0.0022145509719848633
2465,0.0022145509719848633
2466,0.0022145509719848633
2467,0.0022145509719848633
2468,0.0022145509719848633
2469,0.0022145509719848633
2470,0.0022145509719848633
2471,0.0022145509719848633
2472,0.0022145509719848633
2473,0.0022145509719848633
2474,0.0022145509719848633
2475,0.0022145509719848633
2476,0.0022145509719848633
2477,0.0022145509719848633
2478,0.0022145509719848633
2479,0.0022145509719848633
2480,0.0022145509719848633
2481,0.0022145509719848633
2482,0.0022145509719848633
2483,0.0022145509719848633
2484,0.0022145509719848633
2485,0.0022145509719848633
2486,0.0022145509719848633
2487,0.0022145509719848633
2488,0.0022145509719848633
2489,0.0022145509719848633
2490,0.0022145509719848633
2491,0.0022145509719848633
2492,0.0022145509719848633
2493,0.0022145509719848633
2494,0.0022145509719848633
2495,0.0022145509719848633
2496,0.0022145509719848633
2497,0.0022145509719848633
2498,0.0022145509719848633
2499,0.0022145509719848633
2500,0.0022145509719848633
2501,0.0022145509719848633
2502,0.0022145509719848633
2503,0.0022145509719848633
2504,0.0022145509719848633
2505,0.0022145509719848633
2506,0.0022145509719848633
2507,0.0022145509719848633
2508,0.0022145509719848633
2509,0.0022145509719848633
2510,0.0022145509719848633
2511,0.0022145509719848633
2512,0.0022145509719848633
2513,0.0022145509719848633
2514,0.0022145509719848633
2515,0.0022145509719848633
2516,0.0022145509719848633
2517,0.0022145509719848633
2518,0.0022145509719848633
2519,0.0022145509719848633
2520,0.0022145509719848633
2521,0.0022145509719848633
2522,0.0022145509719848633
2523,0.0022145509719848633
2524,0.0022145509719848633
2525,0.0022145509719848633
2526,0.0022145509719848633
2527,0.0022145509719848633
2528,0.0022145509719848633
2529,0.0022145509719848633
2530,0.0022145509719848633
2531,0.0022145509719848633
2532,0.0022145509719848633
2533,0.0022145509719848633
2534,0.0022145509719848633
2535,0.0022145509719848633
2536,0.0022145509719848633
2537,0.0022145509719848633
2538,0.0022145509719848633
2539,0.0022145509719848633
2540,0.0022145509719848633
2541,0.0022145509719848633
2542,0.0022145509719848633
2543,0.0022145509719848633
2544,0.0022145509719848633
2545,0.0022145509719848633
2546,0.0022145509719848633
2547,0.0022145509719848633
2548,0.0022145509719848633
2549,0.0022145509719848633
2550,0.0022145509719848633
2551,0.0022145509719848633
2552,0.0022145509719848633
2553,0.0022145509719848633
2554,0.0022145509719848633
2555,0.0022145509719848633
2556,0.0022145509719848633
2557,0.0022145509719848633
2558,0.0022145509719848633
2559,0.0022145509719848633
2560,0.0022145509719848633
2561,0.0022145509719848633
2562,0.0022145509719848633
2563,0.0022145509719848633
2564,0.0022145509719848633
2565,0.0022145509719848633
2566,0.0022145509719848633
2567,0.0022145509719848633
2568,0.0022145509719848633
2569,0.0022145509719848633
2570,0.0022145509719848633
2571,0.0022145509719848633
2572,0.0022145509719848633
2573,0.0022145509719848633
2574,0.0022145509719848633
2575,0.0022145509719848633
2576,0.0022145509719848633
2577,0.0022145509719848633
2578,0.0022145509719848633
2579,0.0022145509719848633
2580,0.0022145509719848633
2581,0.0022145509719848633
2582,0.0022145509719848633
2583,0.0022145509719848633
2584,0.0022145509719848633
2585,0.0022145509719848633
2586,0.0022145509719848633
2587,0.0022145509719848633
2588,0.0022145509719848633
2589,0.0022145509719848633
2590,0.0022145509719848633
2591,0.0022145509719848633
2592,0.0022145509719848633
2593,0.0022145509719848633
2594,0.0022145509719848633
2595,0.0022145509719848633
2596,0.0022145509719848633
2597,0.0022145509719848633
2598,0.0022145509719848633
2599,0.0022145509719848633
2600,0.0022145509719848633
2601,0.0022145509719848633
2602,0.0022145509719848633
2603,0.0022145509719848633
2604,0.0022145509719848633
2605,0.0022145509719848633
2606,0.0022145509719848633
2607,0.0022145509719848633
2608,0.0022145509719848633
2609,0.0022145509719848633
2610,0.0022145509719848633
2611,0.0022145509719848633
2612,0.0022145509719848633
2613,0.0022145509719848633
2614,0.0022145509719848633
2615,0.0022145509719848633
2616,0.0022145509719848633
2617,0.0022145509719848633
2618,0.0022145509719848633
2619,0.0022145509719848633
2620,0.0022145509719848633
2621,0.0022145509719848633
2622,0.0022145509719848633
2623,0.0022145509719848633
2624,0.0022145509719848633
2625,0.0022145509719848633
2626,0.0022145509719848633
2627,0.0022145509719848633
2628,0.0022145509719848633
2629,0.0022145509719848633
2630,0.0022145509719848633
2631,0.0022145509719848633
2632,0.0022145509719848633
2633,0.0022145509719848633
2634,0.0022145509719848633
2635,0.0022145509719848633
2636,0.0022145509719848633
2637,0.0022145509719848633
2638,0.0022145509719848633
2639,0.0022145509719848633
2640,0.0022145509719848633
2641,0.0022145509719848633
2642,0.0022145509719848633
2643,0.0022145509719848633
2644,0.0022145509719848633
2645,0.0022145509719848633
2646,0.0022145509719848633
2647,0.0022145509719848633
2648,0.0022145509719848633
2649,0.0022145509719848633
2650,0.0022145509719848633
2651,0.0022145509719848633
2652,0.0022145509719848633
2653,0.0022145509719848633
2654,0.0022145509719848633
2655,0.0022145509719848633
2656,0.0022145509719848633
2657,0.0022145509719848633
2658,0.0022145509719848633
2659,0.0022145509719848633
2660,0.0022145509719848633
2661,0.0022145509719848633
2662,0.0022145509719848633
2663,0.0022145509719848633
2664,0.0022145509719848633
2665,0.0022145509719848633
2666,0.0022145509719848633
2667,0.0022145509719848633
2668,0.0022145509719848633
2669,0.0022145509719848633
2670,0.0022145509719848633
2671,0.0022145509719848633
2672,0.0022145509719848633
2673,0.0022145509719848633
2674,0.0022145509719848633
2675,0.0022145509719848633
2676,0.0022145509719848633
2677,0.0022145509719848633
2678,0.0022145509719848633
2679,0.0022145509719848633
2680,0.0022145509719848633
2681,0.0022145509719848633
2682,0.0022145509719848633
2683,0.0022145509719848633
2684,0.0022145509719848633
2685,0.0022145509719848633
2686,0.0022145509719848633
2687,0.0022145509719848633
2688,0.0022145509719848633
2689,0.0022145509719848633
2690,0.0022145509719848633
2691,0.0022145509719848633
2692,0.0022145509719848633
2693,0.0022145509719848633
2694,0.0022145509719848633
2695,0.0022145509719848633
2696,0.0022145509719848633
2697,0.0022145509719848633
2698,0.0022145509719848633
2699,0.0022145509719848633
2700,0.0022145509719848633
2701,0.0022145509719848633
2702,0.0022145509719848633
2703,0.0022145509719848633
2704,0.0022145509719848633
2705,0.0022145509719848633
2706,0.0022145509719848633
2707,0.0022145509719848633
2708,0.0022145509719848633
2709,0.0022145509719848633
2710,0.0022145509719848633
2711,0.0022145509719848633
2712,0.0022145509719848633
2713,0.0022145509719848633
2714,0.0022145509719848633
2715,0.0022145509719848633
2716,0.0022145509719848633
2717,0.0022145509719848633
2718,0.0022145509719848633
2719,0.0022145509719848633
2720,0.0022145509719848633
2721,0.0022145509719848633
2722,0.0022145509719848633
2723,0.0022145509719848633
2724,0.0022145509719848633
2725,0.0022145509719848633
2726,0.0022145509719848633
2727,0.0022145509719848633
2728,0.0022145509719848633
2729,0.0022145509719848633
2730,0.0022145509719848633
2731,0.0022145509719848633
2732,0.0022145509719848633
2733,0.0022145509719848633
2734,0.0022145509719848633
2735,0.0022145509719848633
2736,0.0022145509719848633
2737,0.0022145509719848633
2738,0.0022145509719848633
2739,0.0022145509719848633
2740,0.0022145509719848633
2741,0.0022145509719848633
2742,0.0022145509719848633
2743,0.0022145509719848633
2744,0.0022145509719848633
2745,0.0022145509719848633
2746,0.0022145509719848633
2747,0.0022145509719848633
2748,0.0022145509719848633
2749,0.0022145509719848633
2750,0.0022145509719848633
2751,0.0022145509719848633
2752,0.0022145509719848633
2753,0.0022145509719848633
2754,0.0022145509719848633
2755,0.0022145509719848633
2756,0.0022145509719848633
2757,0.0022145509719848633
2758,0.0022145509719848633
2759,0.0022145509719848633
2760,0.0022145509719848633
2761,0.0022145509719848633
2762,0.0022145509719848633
2763,0.0022145509719848633
2764,0.0022145509719848633
2765,0.0022145509719848633
2766,0.0022145509719848633
2767,0.0022145509719848633
2768,0.0022145509719848633
2769,0.0022145509719848633
2770,0.0022145509719848633
2771,0.0022145509719848633
2772,0.0022145509719848633
2773,0.0022145509719848633
2774,0.0022145509719848633
2775,0.0022145509719848633
2776,0.0022145509719848633
2777,0.0022145509719848633
2778,0.0022145509719848633
2779,0.0022145509719848633
2780,0.0022145509719848633
2781,0.0022145509719848633
2782,0.0022145509719848633
2783,0.0022145509719848633
2784,0.0022145509719848633
2785,0.0022145509719848633
2786,0.0022145509719848633
2787,0.0022145509719848633
2788,0.0022145509719848633
2789,0.0022145509719848633
2790,0.0022145509719848633
2791,0.0022145509719848633
2792,0.0022145509719848633
2793,0.0022145509719848633
2794,0.0022145509719848633
2795,0.0022145509719848633
2796,0.0022145509719848633
2797,0.0022145509719848633
2798,0.0022145509719848633
2799,0.0022145509719848633
2800,0.0022145509719848633
2801,0.0022145509719848633
2802,0.0022145509719848633
2803,0.0022145509719848633
2804,0.0022145509719848633
2805,0.0022145509719848633
2806,0.0022145509719848633
2807,0.0022145509719848633
2808,0.0022145509719848633
2809,0.0022145509719848633
2810,0.0022145509719848633
2811,0.0022145509719848633
2812,0.0022145509719848633
2813,0.0022145509719848633
2814,0.0022145509719848633
2815,0.0022145509719848633
2816,0.0022145509719848633
2817,0.0022145509719848633
2818,0.0022145509719848633
2819,0.0022145509719848633
2820,0.0022145509719848633
2821,0.0022145509719848633
2822,0.0022145509719848633
2823,0.0022145509719848633
2824,0.0022145509719848633
2825,0.0022145509719848633
2826,0.0022145509719848633
2827,0.0022145509719848633
2828,0.0022145509719848633
2829,0.0022145509719848633
2830,0.0022145509719848633
2831,0.0022145509719848633
2832,0.0022145509719848633
2833,0.0022145509719848633
2834,0.0022145509719848633
2835,0.0022145509719848633
2836,0.0022145509719848633
2837,0.0022145509719848633
2838,0.0022145509719848633
2839,0.0022145509719848633
2840,0.0022145509719848633
2841,0.0022145509719848633
2842,0.0022145509719848633
2843,0.0022145509719848633
2844,0.0022145509719848633
2845,0.0022145509719848633
2846,0.0022145509719848633
2847,0.0022145509719848633
2848,0.0022145509719848633
2849,0.0022145509719848633
2850,0.0022145509719848633
2851,0.0022145509719848633
2852,0.0022145509719848633
2853,0.0022145509719848633
2854,0.0022145509719848633
2855,0.0022145509719848633
2856,0.0022145509719848633
2857,0.0022145509719848633
2858,0.0022145509719848633
2859,0.0022145509719848633
2860,0.0022145509719848633
2861,0.0022145509719848633
2862,0.0022145509719848633
2863,0.0022145509719848633
2864,0.0022145509719848633
2865,0.0022145509719848633
2866,0.0022145509719848633
2867,0.0022145509719848633
2868,0.0022145509719848633
2869,0.0022145509719848633
2870,0.0022145509719848633
2871,0.0022145509719848633
2872,0.0022145509719848633
2873,0.0022145509719848633
2874,0.0022145509719848633
2875,0.0022145509719848633
2876,0.0022145509719848633
2877,0.0022145509719848633
2878,0.0022145509719848633
2879,0.0022145509719848633
2880,0.0022145509719848633
2881,0.0022145509719848633
2882,0.0022145509719848633
2883,0.0022145509719848633
2884,0.0022145509719848633
2885,0.0022145509719848633
2886,0.0022145509719848633
2887,0.0022145509719848633
2888,0.0022145509719848633
2889,0.0022145509719848633
2890,0.0022145509719848633
2891,0.0022145509719848633
2892,0.0022145509719848633
2893,0.0022145509719848633
2894,0.0022145509719848633
2895,0.0022145509719848633
2896,0.0022145509719848633
2897,0.0022145509719848633
2898,0.0022145509719848633
2899,0.0022145509719848633
2900,0.0022145509719848633
2901,0.0022145509719848633
2902,0.0022145509719848633
2903,0.0022145509719848633
2904,0.0022145509719848633
2905,0.0022145509719848633
2906,0.0022145509719848633
2907,0.0022145509719848633
2908,0.0022145509719848633
2909,0.0022145509719848633
2910,0.0022145509719848633
2911,0.0022145509719848633
2912,0.0022145509719848633
2913,0.0022145509719848633
2914,0.0022145509719848633
2915,0.0022145509719848633
2916,0.0022145509719848633
2917,0.0022145509719848633
2918,0.0022145509719848633
2919,0.0022145509719848633
2920,0.0022145509719848633
2921,0.0022145509719848633
2922,0.0022145509719848633
2923,0.0022145509719848633
2924,0.0022145509719848633
2925,0.0022145509719848633
2926,0.0022145509719848633
2927,0.0022145509719848633
2928,0.0022145509719848633
2929,0.0022145509719848633
2930,0.0022145509719848633
2931,0.0022145509719848633
2932,0.0022145509719848633
2933,0.0022145509719848633
2934,0.0022145509719848633
2935,0.0022145509719848633
2936,0.0022145509719848633
2937,0.0022145509719848633
2938,0.0022145509719848633
2939,0.0022145509719848633
2940,0.0022145509719848633
2941,0.0022145509719848633
2942,0.0022145509719848633
2943,0.0022145509719848633
2944,0.0022145509719848633
2945,0.0022145509719848633
2946,0.0022145509719848633
2947,0.0022145509719848633
2948,0.0022145509719848633
2949,0.0022145509719848633
2950,0.0022145509719848633
2951,0.0022145509719848633
2952,0.0022145509719848633
2953,0.0022145509719848633
2954,0.0022145509719848633
2955,0.0022145509719848633
2956,0.0022145509719848633
2957,0.0022145509719848633
2958,0.0022145509719848633
2959,0.0022145509719848633
2960,0.0022145509719848633
2961,0.0022145509719848633
2962,0.0022145509719848633
2963,0.0022145509719848633
2964,0.0022145509719848633
2965,0.0022145509719848633
2966,0.0022145509719848633
2967,0.0022145509719848633
2968,0.0022145509719848633
2969,0.0022145509719848633
2970,0.0022145509719848633
2971,0.0022145509719848633
2972,0.0022145509719848633
2973,0.0022145509719848633
2974,0.0022145509719848633
2975,0.0022145509719848633
2976,0.0022145509719848633
2977,0.0022145509719848633
2978,0.0022145509719848633
2979,0.0022145509719848633
2980,0.0022145509719848633
2981,0.0022145509719848633
2982,0.0022145509719848633
2983,0.0022145509719848633
2984,0.0022145509719848633
2985,0.0022145509719848633
2986,0.0022145509719848633
2987,0.0022145509719848633
2988,0.0022145509719848633
2989,0.0022145509719848633
2990,0.0022145509719848633
2991,0.0022145509719848633
2992,0.0022145509719848633
2993,0.0022145509719848633
2994,0.0022145509719848633
2995,0.0022145509719848633
2996,0.0022145509719848633
2997,0.0022145509719848633
2998,0.0022145509719848633
2999,0.0022145509719848633
3000,0.0022145509719848633
3001,0.0022145509719848633
3002,0.0022145509719848633
3003,0.0022145509719848633
3004,0.0022145509719848633
3005,0.0022145509719848633
3006,0.0022145509719848633
3007,0.0022145509719848633
3008,0.0022145509719848633
3009,0.0022145509719848633
3010,0.0022145509719848633
3011,0.0022145509719848633
3012,0.0022145509719848633
3013,0.0022145509719848633
3014,0.0022145509719848633
3015,0.0022145509719848633
3016,0.0022145509719848633
3017,0.0022145509719848633
3018,0.0022145509719848633
3019,0.0022145509719848633
3020,0.0022145509719848633
3021,0.0022145509719848633
3022,0.0022145509719848633
3023,0.0022145509719848633
3024,0.0022145509719848633
3025,0.0022145509719848633
3026,0.0022145509719848633
3027,0.0022145509719848633
3028,0.0022145509719848633
3029,0.0022145509719848633
3030,0.0022145509719848633
3031,0.0022145509719848633
3032,0.0022145509719848633
3033,0.0022145509719848633
3034,0.0022145509719848633
3035,0.0022145509719848633
3036,0.0022145509719848633
3037,0.0022145509719848633
3038,0.0022145509719848633
3039,0.0022145509719848633
3040,0.0022145509719848633
3041,0.0022145509719848633
3042,0.0022145509719848633
3043,0.0022145509719848633
3044,0.0022145509719848633
3045,0.0022145509719848633
3046,0.0022145509719848633
3047,0.0022145509719848633
3048,0.0022145509719848633
3049,0.0022145509719848633
3050,0.0022145509719848633
3051,0.0022145509719848633
3052,0.0022145509719848633
3053,0.0022145509719848633
3054,0.0022145509719848633
3055,0.0022145509719848633
3056,0.0022145509719848633
3057,0.0022145509719848633
3058,0.0022145509719848633
3059,0.0022145509719848633
3060,0.0022145509719848633
3061,0.0022145509719848633
3062,0.0022145509719848633
3063,0.0022145509719848633
3064,0.0022145509719848633
3065,0.0022145509719848633
3066,0.0022145509719848633
3067,0.0022145509719848633
3068,0.0022145509719848633
3069,0.0022145509719848633
3070,0.0022145509719848633
3071,0.0022145509719848633
3072,0.0022145509719848633
3073,0.0022145509719848633
3074,0.0022145509719848633
3075,0.0022145509719848633
3076,0.0022145509719848633
3077,0.0022145509719848633
3078,0.0022145509719848633
3079,0.0022145509719848633
3080,0.0022145509719848633
3081,0.0022145509719848633
3082,0.0022145509719848633
3083,0.0022145509719848633
3084,0.0022145509719848633
3085,0.0022145509719848633
3086,0.0022145509719848633
3087,0.0022145509719848633
3088,0.0022145509719848633
3089,0.0022145509719848633
3090,0.0022145509719848633
3091,0.0022145509719848633
3092,0.0022145509719848633
3093,0.0022145509719848633
3094,0.0022145509719848633
3095,0.0022145509719848633
3096,0.0022145509719848633
3097,0.0022145509719848633
3098,0.0022145509719848633
3099,0.0022145509719848633
3100,0.0022145509719848633
3101,0.0022145509719848633
3102,0.0022145509719848633
3103,0.0022145509719848633
3104,0.0022145509719848633
3105,0.0022145509719848633
3106,0.0022145509719848633
3107,0.0022145509719848633
3108,0.0022145509719848633
3109,0.0022145509719848633
3110,0.0022145509719848633
3111,0.0022145509719848633
3112,0.0022145509719848633
3113,0.0022145509719848633
3114,0.0022145509719848633
3115,0.0022145509719848633
3116,0.0022145509719848633
3117,0.0022145509719848633
3118,0.0022145509719848633
3119,0.0022145509719848633
3120,0.0022145509719848633
3121,0.0022145509719848633
3122,0.0022145509719848633
3123,0.0022145509719848633
3124,0.0022145509719848633
3125,0.0022145509719848633
3126,0.0022145509719848633
3127,0.0022145509719848633
3128,0.0022145509719848633
3129,0.0022145509719848633
3130,0.0022145509719848633
3131,0.0022145509719848633
3132,0.0022145509719848633
3133,0.0022145509719848633
3134,0.0022145509719848633
3135,0.0022145509719848633
3136,0.0022145509719848633
3137,0.0022145509719848633
3138,0.0022145509719848633
3139,0.0022145509719848633
3140,0.0022145509719848633
3141,0.0022145509719848633
3142,0.0022145509719848633
3143,0.0022145509719848633
3144,0.0022145509719848633
3145,0.0022145509719848633
3146,0.0022145509719848633
3147,0.0022145509719848633
3148,0.0022145509719848633
3149,0.0022145509719848633
3150,0.0022145509719848633
3151,0.0022145509719848633
3152,0.0022145509719848633
3153,0.0022145509719848633
3154,0.0022145509719848633
3155,0.0022145509719848633
3156,0.0022145509719848633
3157,0.0022145509719848633
3158,0.0022145509719848633
3159,0.0022145509719848633
3160,0.0022145509719848633
3161,0.0022145509719848633
3162,0.0022145509719848633
3163,0.0022145509719848633
3164,0.0022145509719848633
3165,0.0022145509719848633
3166,0.0022145509719848633
3167,0.0022145509719848633
3168,0.0022145509719848633
3169,0.0022145509719848633
3170,0.0022145509719848633
3171,0.0022145509719848633
3172,0.0022145509719848633
3173,0.0022145509719848633
3174,0.0022145509719848633
3175,0.0022145509719848633
3176,0.0022145509719848633
3177,0.0022145509719848633
3178,0.0022145509719848633
3179,0.0022145509719848633
3180,0.0022145509719848633
3181,0.0022145509719848633
3182,0.0022145509719848633
3183,0.0022145509719848633
3184,0.0022145509719848633
3185,0.0022145509719848633
3186,0.0022145509719848633
3187,0.0022145509719848633
3188,0.0022145509719848633
3189,0.0022145509719848633
3190,0.0022145509719848633
3191,0.0022145509719848633
3192,0.0022145509719848633
3193,0.0022145509719848633
3194,0.0022145509719848633
3195,0.0022145509719848633
3196,0.0022145509719848633
3197,0.0022145509719848633
3198,0.0022145509719848633
3199,0.0022145509719848633
3200,0.0022145509719848633
3201,0.0022145509719848633
3202,0.0022145509719848633
3203,0.0022145509719848633
3204,0.0022145509719848633
3205,0.0022145509719848633
3206,0.0022145509719848633
3207,0.0022145509719848633
3208,0.0022145509719848633
3209,0.0022145509719848633
3210,0.0022145509719848633
3211,0.0022145509719848633
3212,0.0022145509719848633
3213,0.0022145509719848633
3214,0.0022145509719848633
3215,0.0022145509719848633
3216,0.0022145509719848633
3217,0.0022145509719848633
3218,0.0022145509719848633
3219,0.0022145509719848633
3220,0.0022145509719848633
3221,0.0022145509719848633
3222,0.0022145509719848633
3223,0.0022145509719848633
3224,0.0022145509719848633
3225,0.0022145509719848633
3226,0.0022145509719848633
3227,0.0022145509719848633
3228,0.0022145509719848633
3229,0.0022145509719848633
3230,0.0022145509719848633
3231,0.0022145509719848633
3232,0.0022145509719848633
3233,0.0022145509719848633
3234,0.0022145509719848633
3235,0.0022145509719848633
3236,0.0022145509719848633
3237,0.0022145509719848633
3238,0.0022145509719848633
3239,0.0022145509719848633
3240,0.0022145509719848633
3241,0.0022145509719848633
3242,0.0022145509719848633
3243,0.0022145509719848633
3244,0.0022145509719848633
3245,0.0022145509719848633
3246,0.0022145509719848633
3247,0.0022145509719848633
3248,0.0022145509719848633
3249,0.0022145509719848633
3250,0.0022145509719848633
3251,0.0022145509719848633
3252,0.0022145509719848633
3253,0.0022145509719848633
3254,0.0022145509719848633
3255,0.0022145509719848633
3256,0.0022145509719848633
3257,0.0022145509719848633
3258,0.0022145509719848633
3259,0.0022145509719848633
3260,0.0022145509719848633
3261,0.0022145509719848633
3262,0.0022145509719848633
3263,0.0022145509719848633
3264,0.0022145509719848633
3265,0.0022145509719848633
3266,0.0022145509719848633
3267,0.0022145509719848633
3268,0.0022145509719848633
3269,0.0022145509719848633
3270,0.0022145509719848633
3271,0.0022145509719848633
3272,0.0022145509719848633
3273,0.0022145509719848633
3274,0.0022145509719848633
3275,0.0022145509719848633
3276,0.0022145509719848633
3277,0.0022145509719848633
3278,0.0022145509719848633
3279,0.0022145509719848633
3280,0.0022145509719848633
3281,0.0022145509719848633
3282,0.0022145509719848633
3283,0.0022145509719848633
3284,0.0022145509719848633
3285,0.0022145509719848633
3286,0.0022145509719848633
3287,0.0022145509719848633
3288,0.0022145509719848633
3289,0.0022145509719848633
3290,0.0022145509719848633
3291,0.0022145509719848633
3292,0.0022145509719848633
3293,0.0022145509719848633
3294,0.0022145509719848633
3295,0.0022145509719848633
3296,0.0022145509719848633
3297,0.0022145509719848633
3298,0.0022145509719848633
3299,0.0022145509719848633
3300,0.0022145509719848633
3301,0.0022145509719848633
3302,0.0022145509719848633
3303,0.0022145509719848633
3304,0.0022145509719848633
3305,0.0022145509719848633
3306,0.0022145509719848633
3307,0.0022145509719848633
3308,0.0022145509719848633
3309,0.0022145509719848633
3310,0.0022145509719848633
3311,0.0022145509719848633
3312,0.0022145509719848633
3313,0.0022145509719848633
3314,0.0022145509719848633
3315,0.0022145509719848633
3316,0.0022145509719848633
3317,0.0022145509719848633
3318,0.0022145509719848633
3319,0.0022145509719848633
3320,0.0022145509719848633
3321,0.0022145509719848633
3322,0.0022145509719848633
3323,0.0022145509719848633
3324,0.0022145509719848633
3325,0.0022145509719848633
3326,0.0022145509719848633
3327,0.0022145509719848633
3328,0.0022145509719848633
3329,0.0022145509719848633
3330,0.0022145509719848633
3331,0.0022145509719848633
3332,0.0022145509719848633
3333,0.0022145509719848633
3334,0.0022145509719848633
3335,0.0022145509719848633
3336,0.0022145509719848633
3337,0.0022145509719848633
3338,0.0022145509719848633
3339,0.0022145509719848633
3340,0.0022145509719848633
3341,0.0022145509719848633
3342,0.0022145509719848633
3343,0.0022145509719848633
3344,0.0022145509719848633
3345,0.0022145509719848633
3346,0.0022145509719848633
3347,0.0022145509719848633
3348,0.0022145509719848633
3349,0.0022145509719848633
3350,0.0022145509719848633
3351,0.0022145509719848633
3352,0.0022145509719848633
3353,0.0022145509719848633
3354,0.0022145509719848633
3355,0.0022145509719848633
3356,0.0022145509719848633
3357,0.0022145509719848633
3358,0.0022145509719848633
3359,0.0022145509719848633
3360,0.0022145509719848633
3361,0.0022145509719848633
3362,0.0022145509719848633
3363,0.0022145509719848633
3364,0.0022145509719848633
3365,0.0022145509719848633
3366,0.0022145509719848633
3367,0.0022145509719848633
3368,0.0022145509719848633
3369,0.0022145509719848633
3370,0.0022145509719848633
3371,0.0022145509719848633
3372,0.0022145509719848633
3373,0.0022145509719848633
3374,0.0022145509719848633
3375,0.0022145509719848633
3376,0.0022145509719848633
3377,0.0022145509719848633
3378,0.0022145509719848633
3379,0.0022145509719848633
3380,0.0022145509719848633
3381,0.0022145509719848633
3382,0.0022145509719848633
3383,0.0022145509719848633
3384,0.0022145509719848633
3385,0.0022145509719848633
3386,0.0022145509719848633
3387,0.0022145509719848633
3388,0.0022145509719848633
3389,0.0022145509719848633
3390,0.0022145509719848633
3391,0.0022145509719848633
3392,0.0022145509719848633
3393,0.0022145509719848633
3394,0.0022145509719848633
3395,0.0022145509719848633
3396,0.0022145509719848633
3397,0.0022145509719848633
3398,0.0022145509719848633
3399,0.0022145509719848633
3400,0.0022145509719848633
3401,0.0022145509719848633
3402,0.0022145509719848633
3403,0.0022145509719848633
3404,0.0022145509719848633
3405,0.0022145509719848633
3406,0.0022145509719848633
3407,0.0022145509719848633
3408,0.0022145509719848633
3409,0.0022145509719848633
3410,0.0022145509719848633
3411,0.0022145509719848633
3412,0.0022145509719848633
3413,0.0022145509719848633
3414,0.0022145509719848633
3415,0.0022145509719848633
3416,0.0022145509719848633
3417,0.0022145509719848633
3418,0.0022145509719848633
3419,0.0022145509719848633
3420,0.0022145509719848633
3421,0.0022145509719848633
3422,0.0022145509719848633
3423,0.0022145509719848633
3424,0.0022145509719848633
3425,0.0022145509719848633
3426,0.0022145509719848633
3427,0.0022145509719848633
3428,0.0022145509719848633
3429,0.0022145509719848633
3430,0.0022145509719848633
3431,0.0022145509719848633
3432,0.0022145509719848633
3433,0.0022145509719848633
3434,0.0022145509719848633
3435,0.0022145509719848633
3436,0.0022145509719848633
3437,0.0022145509719848633
3438,0.0022145509719848633
3439,0.0022145509719848633
3440,0.0022145509719848633
3441,0.0022145509719848633
3442,0.0022145509719848633
3443,0.0022145509719848633
3444,0.0022145509719848633
3445,0.0022145509719848633
3446,0.0022145509719848633
3447,0.0022145509719848633
3448,0.0022145509719848633
3449,0.0022145509719848633
3450,0.0022145509719848633
3451,0.0022145509719848633
3452,0.0022145509719848633
3453,0.0022145509719848633
3454,0.0022145509719848633
3455,0.0022145509719848633
3456,0.0022145509719848633
3457,0.0022145509719848633
3458,0.0022145509719848633
3459,0.0022145509719848633
3460,0.0022145509719848633
3461,0.0022145509719848633
3462,0.0022145509719848633
3463,0.0022145509719848633
3464,0.0022145509719848633
3465,0.0022145509719848633
3466,0.0022145509719848633
3467,0.0022145509719848633
3468,0.0022145509719848633
3469,0.0022145509719848633
3470,0.0022145509719848633
3471,0.0022145509719848633
3472,0.0022145509719848633
3473,0.0022145509719848633
3474,0.0022145509719848633
3475,0.0022145509719848633
3476,0.0022145509719848633
3477,0.0022145509719848633
3478,0.0022145509719848633
3479,0.0022145509719848633
3480,0.0022145509719848633
3481,0.0022145509719848633
3482,0.0022145509719848633
3483,0.0022145509719848633
3484,0.0022145509719848633
3485,0.0022145509719848633
3486,0.0022145509719848633
3487,0.0022145509719848633
3488,0.0022145509719848633
3489,0.0022145509719848633
3490,0.0022145509719848633
3491,0.0022145509719848633
3492,0.0022145509719848633
3493,0.0022145509719848633
3494,0.0022145509719848633
3495,0.0022145509719848633
3496,0.0022145509719848633
3497,0.0022145509719848633
3498,0.0022145509719848633
3499,0.0022145509719848633
3500,0.0022145509719848633
3501,0.0022145509719848633
3502,0.0022145509719848633
3503,0.0022145509719848633
3504,0.0022145509719848633
3505,0.0022145509719848633
3506,0.0022145509719848633
3507,0.0022145509719848633
3508,0.0022145509719848633
3509,0.0022145509719848633
3510,0.0022145509719848633
3511,0.0022145509719848633
3512,0.0022145509719848633
3513,0.0022145509719848633
3514,0.0022145509719848633
3515,0.0022145509719848633
3516,0.0022145509719848633
3517,0.0022145509719848633
3518,0.0022145509719848633
3519,0.0022145509719848633
3520,0.0022145509719848633
3521,0.0022145509719848633
3522,0.0022145509719848633
3523,0.0022145509719848633
3524,0.0022145509719848633
3525,0.0022145509719848633
3526,0.0022145509719848633
3527,0.0022145509719848633
3528,0.0022145509719848633
3529,0.0022145509719848633
3530,0.0022145509719848633
3531,0.0022145509719848633
3532,0.0022145509719848633
3533,0.0022145509719848633
3534,0.0022145509719848633
3535,0.0022145509719848633
3536,0.0022145509719848633
3537,0.0022145509719848633
3538,0.0022145509719848633
3539,0.0022145509719848633
3540,0.0022145509719848633
3541,0.0022145509719848633
3542,0.0022145509719848633
3543,0.0022145509719848633
3544,0.0022145509719848633
3545,0.0022145509719848633
3546,0.0022145509719848633
3547,0.0022145509719848633
3548,0.0022145509719848633
3549,0.0022145509719848633
3550,0.0022145509719848633
3551,0.0022145509719848633
3552,0.0022145509719848633
3553,0.0022145509719848633
3554,0.0022145509719848633
3555,0.0022145509719848633
3556,0.0022145509719848633
3557,0.0022145509719848633
3558,0.0022145509719848633
3559,0.0022145509719848633
3560,0.0022145509719848633
3561,0.0022145509719848633
3562,0.0022145509719848633
3563,0.0022145509719848633
3564,0.0022145509719848633
3565,0.0022145509719848633
3566,0.0022145509719848633
3567,0.0022145509719848633
3568,0.0022145509719848633
3569,0.0022145509719848633
3570,0.0022145509719848633
3571,0.0022145509719848633
3572,0.0022145509719848633
3573,0.0022145509719848633
3574,0.0022145509719848633
3575,0.0022145509719848633
3576,0.0022145509719848633
3577,0.0022145509719848633
3578,0.0022145509719848633
3579,0.0022145509719848633
3580,0.0022145509719848633
3581,0.0022145509719848633
3582,0.0022145509719848633
3583,0.0022145509719848633
3584,0.0022145509719848633
3585,0.0022145509719848633
3586,0.0022145509719848633
3587,0.0022145509719848633
3588,0.0022145509719848633
3589,0.0022145509719848633
3590,0.0022145509719848633
3591,0.0022145509719848633
3592,0.0022145509719848633
3593,0.0022145509719848633
3594,0.0022145509719848633
3595,0.0022145509719848633
3596,0.0022145509719848633
3597,0.0022145509719848633
3598,0.0022145509719848633
3599,0.0022145509719848633
3600,0.0022145509719848633
3601,0.0022145509719848633
3602,0.0022145509719848633
3603,0.0022145509719848633
3604,0.0022145509719848633
3605,0.0022145509719848633
3606,0.0022145509719848633
3607,0.0022145509719848633
3608,0.0022145509719848633
3609,0.0022145509719848633
3610,0.0022145509719848633
3611,0.0022145509719848633
3612,0.0022145509719848633
3613,0.0022145509719848633
3614,0.0022145509719848633
3615,0.0022145509719848633
3616,0.0022145509719848633
3617,0.0022145509719848633
3618,0.0022145509719848633
3619,0.0022145509719848633
3620,0.0022145509719848633
3621,0.0022145509719848633
3622,0.0022145509719848633
3623,0.0022145509719848633
3624,0.0022145509719848633
3625,0.0022145509719848633
3626,0.0022145509719848633
3627,0.0022145509719848633
3628,0.0022145509719848633
3629,0.0022145509719848633
3630,0.0022145509719848633
3631,0.0022145509719848633
3632,0.0022145509719848633
3633,0.0022145509719848633
3634,0.0022145509719848633
3635,0.0022145509719848633
3636,0.0022145509719848633
3637,0.0022145509719848633
3638,0.0022145509719848633
3639,0.0022145509719848633
3640,0.0022145509719848633
3641,0.0022145509719848633
3642,0.0022145509719848633
3643,0.0022145509719848633
3644,0.0022145509719848633
3645,0.0022145509719848633
3646,0.0022145509719848633
3647,0.0022145509719848633
3648,0.0022145509719848633
3649,0.0022145509719848633
3650,0.0022145509719848633
3651,0.0022145509719848633
3652,0.0022145509719848633
3653,0.0022145509719848633
3654,0.0022145509719848633
3655,0.0022145509719848633
3656,0.0022145509719848633
3657,0.0022145509719848633
3658,0.0022145509719848633
3659,0.0022145509719848633
3660,0.0022145509719848633
3661,0.0022145509719848633
3662,0.0022145509719848633
3663,0.0022145509719848633
3664,0.0022145509719848633
3665,0.0022145509719848633
3666,0.0022145509719848633
3667,0.0022145509719848633
3668,0.0022145509719848633
3669,0.0022145509719848633
3670,0.0022145509719848633
3671,0.0022145509719848633
3672,0.0022145509719848633
3673,0.0022145509719848633
3674,0.0022145509719848633
3675,0.0022145509719848633
3676,0.0022145509719848633
3677,0.0022145509719848633
3678,0.0022145509719848633
3679,0.0022145509719848633
3680,0.0022145509719848633
3681,0.0022145509719848633
3682,0.0022145509719848633
3683,0.0022145509719848633
3684,0.0022145509719848633
3685,0.0022145509719848633
3686,0.0022145509719848633
3687,0.0022145509719848633
3688,0.0022145509719848633
3689,0.0022145509719848633
3690,0.0022145509719848633
3691,0.0022145509719848633
3692,0.0022145509719848633
3693,0.0022145509719848633
3694,0.0022145509719848633
3695,0.0022145509719848633
3696,0.0022145509719848633
3697,0.0022145509719848633
3698,0.0022145509719848633
3699,0.0022145509719848633
3700,0.0022145509719848633
3701,0.0022145509719848633
3702,0.0022145509719848633
3703,0.0022145509719848633
3704,0.0022145509719848633
3705,0.0022145509719848633
3706,0.0022145509719848633
3707,0.0022145509719848633
3708,0.0022145509719848633
3709,0.0022145509719848633
3710,0.0022145509719848633
3711,0.0022145509719848633
3712,0.0022145509719848633
3713,0.0022145509719848633
3714,0.0022145509719848633
3715,0.0022145509719848633
3716,0.0022145509719848633
3717,0.0022145509719848633
3718,0.0022145509719848633
3719,0.0022145509719848633
3720,0.0022145509719848633
3721,0.0022145509719848633
3722,0.0022145509719848633
3723,0.0022145509719848633
3724,0.0022145509719848633
3725,0.0022145509719848633
3726,0.0022145509719848633
3727,0.0022145509719848633
3728,0.0022145509719848633
3729,0.0022145509719848633
3730,0.0022145509719848633
3731,0.0022145509719848633
3732,0.0022145509719848633
3733,0.0022145509719848633
3734,0.0022145509719848633
3735,0.0022145509719848633
3736,0.0022145509719848633
3737,0.0022145509719848633
3738,0.0022145509719848633
3739,0.0022145509719848633
3740,0.0022145509719848633
3741,0.0022145509719848633
3742,0.0022145509719848633
3743,0.0022145509719848633
3744,0.0022145509719848633
3745,0.0022145509719848633
3746,0.0022145509719848633
3747,0.0022145509719848633
3748,0.0022145509719848633
3749,0.0022145509719848633
3750,0.0022145509719848633
3751,0.0022145509719848633
3752,0.0022145509719848633
3753,0.0022145509719848633
3754,0.0022145509719848633
3755,0.0022145509719848633
3756,0.0022145509719848633
3757,0.0022145509719848633
3758,0.0022145509719848633
3759,0.0022145509719848633
3760,0.0022145509719848633
3761,0.0022145509719848633
3762,0.0022145509719848633
3763,0.0022145509719848633
3764,0.0022145509719848633
3765,0.0022145509719848633
3766,0.0022145509719848633
3767,0.0022145509719848633
3768,0.0022145509719848633
3769,0.0022145509719848633
3770,0.0022145509719848633
3771,0.0022145509719848633
3772,0.0022145509719848633
3773,0.0022145509719848633
3774,0.0022145509719848633
3775,0.0022145509719848633
3776,0.0022145509719848633
3777,0.0022145509719848633
3778,0.0022145509719848633
3779,0.0022145509719848633
3780,0.0022145509719848633
3781,0.0022145509719848633
3782,0.0022145509719848633
3783,0.0022145509719848633
3784,0.0022145509719848633
3785,0.0022145509719848633
3786,0.0022145509719848633
3787,0.0022145509719848633
3788,0.0022145509719848633
3789,0.0022145509719848633
3790,0.0022145509719848633
3791,0.0022145509719848633
3792,0.0022145509719848633
3793,0.0022145509719848633
3794,0.0022145509719848633
3795,0.0022145509719848633
3796,0.0022145509719848633
3797,0.0022145509719848633
3798,0.0022145509719848633
3799,0.0022145509719848633
3800,0.0022145509719848633
3801,0.0022145509719848633
3802,0.0022145509719848633
3803,0.0022145509719848633
3804,0.0022145509719848633
3805,0.0022145509719848633
3806,0.0022145509719848633
3807,0.0022145509719848633
3808,0.0022145509719848633
3809,0.0022145509719848633
3810,0.0022145509719848633
3811,0.0022145509719848633
3812,0.0022145509719848633
3813,0.0022145509719848633
3814,0.0022145509719848633
3815,0.0022145509719848633
3816,0.0022145509719848633
3817,0.0022145509719848633
3818,0.0022145509719848633
3819,0.0022145509719848633
3820,0.0022145509719848633
3821,0.0022145509719848633
3822,0.0022145509719848633
3823,0.0022145509719848633
3824,0.0022145509719848633
3825,0.0022145509719848633
3826,0.0022145509719848633
3827,0.0022145509719848633
3828,0.0022145509719848633
3829,0.0022145509719848633
3830,0.0022145509719848633
3831,0.0022145509719848633
3832,0.0022145509719848633
3833,0.0022145509719848633
3834,0.0022145509719848633
3835,0.0022145509719848633
3836,0.0022145509719848633
3837,0.0022145509719848633
3838,0.0022145509719848633
3839,0.0022145509719848633
3840,0.0022145509719848633
3841,0.0022145509719848633
3842,0.0022145509719848633
3843,0.0022145509719848633
3844,0.0022145509719848633
3845,0.0022145509719848633
3846,0.0022145509719848633
3847,0.0022145509719848633
3848,0.0022145509719848633
3849,0.0022145509719848633
3850,0.0022145509719848633
3851,0.0022145509719848633
3852,0.0022145509719848633
3853,0.0022145509719848633
3854,0.0022145509719848633
3855,0.0022145509719848633
3856,0.0022145509719848633
3857,0.0022145509719848633
3858,0.0022145509719848633
3859,0.0022145509719848633
3860,0.0022145509719848633
3861,0.0022145509719848633
3862,0.0022145509719848633
3863,0.0022145509719848633
3864,0.0022145509719848633
3865,0.0022145509719848633
3866,0.0022145509719848633
3867,0.0022145509719848633
3868,0.0022145509719848633
3869,0.0022145509719848633
3870,0.0022145509719848633
3871,0.0022145509719848633
3872,0.0022145509719848633
3873,0.0022145509719848633
3874,0.0022145509719848633
3875,0.0022145509719848633
3876,0.0022145509719848633
3877,0.0022145509719848633
3878,0.0022145509719848633
3879,0.0022145509719848633
3880,0.0022145509719848633
3881,0.0022145509719848633
3882,0.0022145509719848633
3883,0.0022145509719848633
3884,0.0022145509719848633
3885,0.0022145509719848633
3886,0.0022145509719848633
3887,0.0022145509719848633
3888,0.0022145509719848633
3889,0.0022145509719848633
3890,0.0022145509719848633
3891,0.0022145509719848633
3892,0.0022145509719848633
3893,0.0022145509719848633
3894,0.0022145509719848633
3895,0.0022145509719848633
3896,0.0022145509719848633
3897,0.0022145509719848633
3898,0.0022145509719848633
3899,0.0022145509719848633
3900,0.0022145509719848633
3901,0.0022145509719848633
3902,0.0022145509719848633
3903,0.0022145509719848633
3904,0.0022145509719848633
3905,0.0022145509719848633
3906,0.0022145509719848633
3907,0.0022145509719848633
3908,0.0022145509719848633
3909,0.0022145509719848633
3910,0.0022145509719848633
3911,0.0022145509719848633
3912,0.0022145509719848633
3913,0.0022145509719848633
3914,0.0022145509719848633
3915,0.0022145509719848633
3916,0.0022145509719848633
3917,0.0022145509719848633
3918,0.0022145509719848633
3919,0.0022145509719848633
3920,0.0022145509719848633
3921,0.0022145509719848633
3922,0.0022145509719848633
3923,0.0022145509719848633
3924,0.0022145509719848633
3925,0.0022145509719848633
3926,0.0022145509719848633
3927,0.0022145509719848633
3928,0.0022145509719848633
3929,0.0022145509719848633
3930,0.0022145509719848633
3931,0.0022145509719848633
3932,0.0022145509719848633
3933,0.0022145509719848633
3934,0.0022145509719848633
3935,0.0022145509719848633
3936,0.0022145509719848633
3937,0.0022145509719848633
3938,0.0022145509719848633
3939,0.0022145509719848633
3940,0.0022145509719848633
3941,0.0022145509719848633
3942,0.0022145509719848633
3943,0.0022145509719848633
3944,0.0022145509719848633
3945,0.0022145509719848633
3946,0.0022145509719848633
3947,0.0022145509719848633
3948,0.0022145509719848633
3949,0.0022145509719848633
3950,0.0022145509719848633
3951,0.0022145509719848633
3952,0.0022145509719848633
3953,0.0022145509719848633
3954,0.0022145509719848633
3955,0.0022145509719848633
3956,0.0022145509719848633
3957,0.0022145509719848633
3958,0.0022145509719848633
3959,0.0022145509719848633
3960,0.0022145509719848633
3961,0.0022145509719848633
3962,0.0022145509719848633
3963,0.0022145509719848633
3964,0.0022145509719848633
3965,0.0022145509719848633
3966,0.0022145509719848633
3967,0.0022145509719848633
3968,0.0022145509719848633
3969,0.0022145509719848633
3970,0.0022145509719848633
3971,0.0022145509719848633
3972,0.0022145509719848633
3973,0.0022145509719848633
3974,0.0022145509719848633
3975,0.0022145509719848633
3976,0.0022145509719848633
3977,0.0022145509719848633
3978,0.0022145509719848633
3979,0.0022145509719848633
3980,0.0022145509719848633
3981,0.0022145509719848633
3982,0.0022145509719848633
3983,0.0022145509719848633
3984,0.0022145509719848633
3985,0.0022145509719848633
3986,0.0022145509719848633
3987,0.0022145509719848633
3988,0.0022145509719848633
3989,0.0022145509719848633
3990,0.0022145509719848633
3991,0.0022145509719848633
3992,0.0022145509719848633
3993,0.0022145509719848633
3994,0.0022145509719848633
3995,0.0022145509719848633
3996,0.0022145509719848633
3997,0.0022145509719848633
3998,0.0022145509719848633
3999,0.0022145509719848633
4000,0.0022145509719848633
4001,0.0022145509719848633
4002,0.0022145509719848633
4003,0.0022145509719848633
4004,0.0022145509719848633
4005,0.0022145509719848633
4006,0.0022145509719848633
4007,0.0022145509719848633
4008,0.0022145509719848633
4009,0.0022145509719848633
4010,0.0022145509719848633
4011,0.0022145509719848633
4012,0.0022145509719848633
4013,0.0022145509719848633
4014,0.0022145509719848633
4015,0.0022145509719848633
4016,0.0022145509719848633
4017,0.0022145509719848633
4018,0.0022145509719848633
4019,0.0022145509719848633
4020,0.0022145509719848633
4021,0.0022145509719848633
4022,0.0022145509719848633
4023,0.0022145509719848633
4024,0.0022145509719848633
4025,0.0022145509719848633
4026,0.0022145509719848633
4027,0.0022145509719848633
4028,0.0022145509719848633
4029,0.0022145509719848633
4030,0.0022145509719848633
4031,0.0022145509719848633
4032,0.0022145509719848633
4033,0.0022145509719848633
4034,0.0022145509719848633
4035,0.0022145509719848633
4036,0.0022145509719848633
4037,0.0022145509719848633
4038,0.0022145509719848633
4039,0.0022145509719848633
4040,0.0022145509719848633
4041,0.0022145509719848633
4042,0.0022145509719848633
4043,0.0022145509719848633
4044,0.0022145509719848633
4045,0.0022145509719848633
4046,0.0022145509719848633
4047,0.0022145509719848633
4048,0.0022145509719848633
4049,0.0022145509719848633
4050,0.0022145509719848633
4051,0.0022145509719848633
4052,0.0022145509719848633
4053,0.0022145509719848633
4054,0.0022145509719848633
4055,0.0022145509719848633
4056,0.0022145509719848633
4057,0.0022145509719848633
4058,0.0022145509719848633
4059,0.0022145509719848633
4060,0.0022145509719848633
4061,0.0022145509719848633
4062,0.0022145509719848633
4063,0.0022145509719848633
4064,0.0022145509719848633
4065,0.0022145509719848633
4066,0.0022145509719848633
4067,0.0022145509719848633
4068,0.0022145509719848633
4069,0.0022145509719848633
4070,0.0022145509719848633
4071,0.0022145509719848633
4072,0.0022145509719848633
4073,0.0022145509719848633
4074,0.0022145509719848633
4075,0.0022145509719848633
4076,0.0022145509719848633
4077,0.0022145509719848633
4078,0.0022145509719848633
4079,0.0022145509719848633
4080,0.0022145509719848633
4081,0.0022145509719848633
4082,0.0022145509719848633
4083,0.0022145509719848633
4084,0.0022145509719848633
4085,0.0022145509719848633
4086,0.0022145509719848633
4087,0.0022145509719848633
4088,0.0022145509719848633
4089,0.0022145509719848633
4090,0.0022145509719848633
4091,0.0022145509719848633
4092,0.0022145509719848633
4093,0.0022145509719848633
4094,0.0022145509719848633
4095,0.0022145509719848633
4096,0.0022145509719848633
4097,0.0022145509719848633
4098,0.0022145509719848633
4099,0.0022145509719848633
4100,0.0022145509719848633
4101,0.0022145509719848633
4102,0.0022145509719848633
4103,0.0022145509719848633
4104,0.0022145509719848633
4105,0.0022145509719848633
4106,0.0022145509719848633
4107,0.0022145509719848633
4108,0.0022145509719848633
4109,0.0022145509719848633
4110,0.0022145509719848633
4111,0.0022145509719848633
4112,0.0022145509719848633
4113,0.0022145509719848633
4114,0.0022145509719848633
4115,0.0022145509719848633
4116,0.0022145509719848633
4117,0.0022145509719848633
4118,0.0022145509719848633
4119,0.0022145509719848633
4120,0.0022145509719848633
4121,0.0022145509719848633
4122,0.0022145509719848633
4123,0.0022145509719848633
4124,0.0022145509719848633
4125,0.0022145509719848633
4126,0.0022145509719848633
4127,0.0022145509719848633
4128,0.0022145509719848633
4129,0.0022145509719848633
4130,0.0022145509719848633
4131,0.0022145509719848633
4132,0.0022145509719848633
4133,0.0022145509719848633
4134,0.0022145509719848633
4135,0.0022145509719848633
4136,0.0022145509719848633
4137,0.0022145509719848633
4138,0.0022145509719848633
4139,0.0022145509719848633
4140,0.0022145509719848633
4141,0.0022145509719848633
4142,0.0022145509719848633
4143,0.0022145509719848633
4144,0.0022145509719848633
4145,0.0022145509719848633
4146,0.0022145509719848633
4147,0.0022145509719848633
4148,0.0022145509719848633
4149,0.0022145509719848633
4150,0.0022145509719848633
4151,0.0022145509719848633
4152,0.0022145509719848633
4153,0.0022145509719848633
4154,0.0022145509719848633
4155,0.0022145509719848633
4156,0.0022145509719848633
4157,0.0022145509719848633
4158,0.0022145509719848633
4159,0.0022145509719848633
4160,0.0022145509719848633
4161,0.0022145509719848633
4162,0.0022145509719848633
4163,0.0022145509719848633
4164,0.0022145509719848633
4165,0.0022145509719848633
4166,0.0022145509719848633
4167,0.0022145509719848633
4168,0.0022145509719848633
4169,0.0022145509719848633
4170,0.0022145509719848633
4171,0.0022145509719848633
4172,0.0022145509719848633
4173,0.0022145509719848633
4174,0.0022145509719848633
4175,0.0022145509719848633
4176,0.0022145509719848633
4177,0.0022145509719848633
4178,0.0022145509719848633
4179,0.0022145509719848633
4180,0.0022145509719848633
4181,0.0022145509719848633
4182,0.0022145509719848633
4183,0.0022145509719848633
4184,0.0022145509719848633
4185,0.0022145509719848633
4186,0.0022145509719848633
4187,0.0022145509719848633
4188,0.0022145509719848633
4189,0.0022145509719848633
4190,0.0022145509719848633
4191,0.0022145509719848633
4192,0.0022145509719848633
4193,0.0022145509719848633
4194,0.0022145509719848633
4195,0.0022145509719848633
4196,0.0022145509719848633
4197,0.0022145509719848633
4198,0.0022145509719848633
4199,0.0022145509719848633
4200,0.0022145509719848633
4201,0.0022145509719848633
4202,0.0022145509719848633
4203,0.0022145509719848633
4204,0.0022145509719848633
4205,0.0022145509719848633
4206,0.0022145509719848633
4207,0.0022145509719848633
4208,0.0022145509719848633
4209,0.0022145509719848633
4210,0.0022145509719848633
4211,0.0022145509719848633
4212,0.0022145509719848633
4213,0.0022145509719848633
4214,0.0022145509719848633
4215,0.0022145509719848633
4216,0.0022145509719848633
4217,0.0022145509719848633
4218,0.0022145509719848633
4219,0.0022145509719848633
4220,0.0022145509719848633
4221,0.0022145509719848633
4222,0.0022145509719848633
4223,0.0022145509719848633
4224,0.0022145509719848633
4225,0.0022145509719848633
4226,0.0022145509719848633
4227,0.0022145509719848633
4228,0.0022145509719848633
4229,0.0022145509719848633
4230,0.0022145509719848633
4231,0.0022145509719848633
4232,0.0022145509719848633
4233,0.0022145509719848633
4234,0.0022145509719848633
4235,0.0022145509719848633
4236,0.0022145509719848633
4237,0.0022145509719848633
4238,0.0022145509719848633
4239,0.0022145509719848633
4240,0.0022145509719848633
4241,0.0022145509719848633
4242,0.0022145509719848633
4243,0.0022145509719848633
4244,0.0022145509719848633
4245,0.0022145509719848633
4246,0.0022145509719848633
4247,0.0022145509719848633
4248,0.0022145509719848633
4249,0.0022145509719848633
4250,0.0022145509719848633
4251,0.0022145509719848633
4252,0.0022145509719848633
4253,0.0022145509719848633
4254,0.0022145509719848633
4255,0.0022145509719848633
4256,0.0022145509719848633
4257,0.0022145509719848633
4258,0.0022145509719848633
4259,0.0022145509719848633
4260,0.0022145509719848633
4261,0.0022145509719848633
4262,0.0022145509719848633
4263,0.0022145509719848633
4264,0.0022145509719848633
4265,0.0022145509719848633
4266,0.0022145509719848633
4267,0.0022145509719848633
4268,0.0022145509719848633
4269,0.0022145509719848633
4270,0.0022145509719848633
4271,0.0022145509719848633
4272,0.0022145509719848633
4273,0.0022145509719848633
4274,0.0022145509719848633
4275,0.0022145509719848633
4276,0.0022145509719848633
4277,0.0022145509719848633
4278,0.0022145509719848633
4279,0.0022145509719848633
4280,0.0022145509719848633
4281,0.0022145509719848633
4282,0.0022145509719848633
4283,0.0022145509719848633
4284,0.0022145509719848633
4285,0.0022145509719848633
4286,0.0022145509719848633
4287,0.0022145509719848633
4288,0.0022145509719848633
4289,0.0022145509719848633
4290,0.0022145509719848633
4291,0.0022145509719848633
4292,0.0022145509719848633
4293,0.0022145509719848633
4294,0.0022145509719848633
4295,0.0022145509719848633
4296,0.0022145509719848633
4297,0.0022145509719848633
4298,0.0022145509719848633
4299,0.0022145509719848633
4300,0.0022145509719848633
4301,0.0022145509719848633
4302,0.0022145509719848633
4303,0.0022145509719848633
4304,0.0022145509719848633
4305,0.0022145509719848633
4306,0.0022145509719848633
4307,0.0022145509719848633
4308,0.0022145509719848633
4309,0.0022145509719848633
4310,0.0022145509719848633
4311,0.0022145509719848633
4312,0.0022145509719848633
4313,0.0022145509719848633
4314,0.0022145509719848633
4315,0.0022145509719848633
4316,0.0022145509719848633
4317,0.0022145509719848633
4318,0.0022145509719848633
4319,0.0022145509719848633
4320,0.0022145509719848633
4321,0.0022145509719848633
4322,0.0022145509719848633
4323,0.0022145509719848633
4324,0.0022145509719848633
4325,0.0022145509719848633
4326,0.0022145509719848633
4327,0.0022145509719848633
4328,0.0022145509719848633
4329,0.0022145509719848633
4330,0.0022145509719848633
4331,0.0022145509719848633
4332,0.0022145509719848633
4333,0.0022145509719848633
4334,0.0022145509719848633
4335,0.0022145509719848633
4336,0.0022145509719848633
4337,0.0022145509719848633
4338,0.0022145509719848633
4339,0.0022145509719848633
4340,0.0022145509719848633
4341,0.0022145509719848633
4342,0.0022145509719848633
4343,0.0022145509719848633
4344,0.0022145509719848633
4345,0.0022145509719848633
4346,0.0022145509719848633
4347,0.0022145509719848633
4348,0.0022145509719848633
4349,0.0022145509719848633
4350,0.0022145509719848633
4351,0.0022145509719848633
4352,0.0022145509719848633
4353,0.0022145509719848633
4354,0.0022145509719848633
4355,0.0022145509719848633
4356,0.0022145509719848633
4357,0.0022145509719848633
4358,0.0022145509719848633
4359,0.0022145509719848633
4360,0.0022145509719848633
4361,0.0022145509719848633
4362,0.0022145509719848633
4363,0.0022145509719848633
4364,0.0022145509719848633
4365,0.0022145509719848633
4366,0.0022145509719848633
4367,0.0022145509719848633
4368,0.0022145509719848633
4369,0.0022145509719848633
4370,0.0022145509719848633
4371,0.0022145509719848633
4372,0.0022145509719848633
4373,0.0022145509719848633
4374,0.0022145509719848633
4375,0.0022145509719848633
4376,0.0022145509719848633
4377,0.0022145509719848633
4378,0.0022145509719848633
4379,0.0022145509719848633
4380,0.0022145509719848633
4381,0.0022145509719848633
4382,0.0022145509719848633
4383,0.0022145509719848633
4384,0.0022145509719848633
4385,0.0022145509719848633
4386,0.0022145509719848633
4387,0.0022145509719848633
4388,0.0022145509719848633
4389,0.0022145509719848633
4390,0.0022145509719848633
4391,0.0022145509719848633
4392,0.0022145509719848633
4393,0.0022145509719848633
4394,0.0022145509719848633
4395,0.0022145509719848633
4396,0.0022145509719848633
4397,0.0022145509719848633
4398,0.0022145509719848633
4399,0.0022145509719848633
4400,0.0022145509719848633
4401,0.0022145509719848633
4402,0.0022145509719848633
4403,0.0022145509719848633
4404,0.0022145509719848633
4405,0.0022145509719848633
4406,0.0022145509719848633
4407,0.0022145509719848633
4408,0.0022145509719848633
4409,0.0022145509719848633
4410,0.0022145509719848633
4411,0.0022145509719848633
4412,0.0022145509719848633
4413,0.0022145509719848633
4414,0.0022145509719848633
4415,0.0022145509719848633
4416,0.0022145509719848633
4417,0.0022145509719848633
4418,0.0022145509719848633
4419,0.0022145509719848633
4420,0.0022145509719848633
4421,0.0022145509719848633
4422,0.0022145509719848633
4423,0.0022145509719848633
4424,0.0022145509719848633
4425,0.0022145509719848633
4426,0.0022145509719848633
4427,0.0022145509719848633
4428,0.0022145509719848633
4429,0.0022145509719848633
4430,0.0022145509719848633
4431,0.0022145509719848633
4432,0.0022145509719848633
4433,0.0022145509719848633
4434,0.0022145509719848633
4435,0.0022145509719848633
4436,0.0022145509719848633
4437,0.0022145509719848633
4438,0.0022145509719848633
4439,0.0022145509719848633
4440,0.0022145509719848633
4441,0.0022145509719848633
4442,0.0022145509719848633
4443,0.0022145509719848633
4444,0.0022145509719848633
4445,0.0022145509719848633
4446,0.0022145509719848633
4447,0.0022145509719848633
4448,0.0022145509719848633
4449,0.0022145509719848633
4450,0.0022145509719848633
4451,0.0022145509719848633
4452,0.0022145509719848633
4453,0.0022145509719848633
4454,0.0022145509719848633
4455,0.0022145509719848633
4456,0.0022145509719848633
4457,0.0022145509719848633
4458,0.0022145509719848633
4459,0.0022145509719848633
4460,0.0022145509719848633
4461,0.0022145509719848633
4462,0.0022145509719848633
4463,0.0022145509719848633
4464,0.0022145509719848633
4465,0.0022145509719848633
4466,0.0022145509719848633
4467,0.0022145509719848633
4468,0.0022145509719848633
4469,0.0022145509719848633
4470,0.0022145509719848633
4471,0.0022145509719848633
4472,0.0022145509719848633
4473,0.0022145509719848633
4474,0.0022145509719848633
4475,0.0022145509719848633
4476,0.0022145509719848633
4477,0.0022145509719848633
4478,0.0022145509719848633
4479,0.0022145509719848633
4480,0.0022145509719848633
4481,0.0022145509719848633
4482,0.0022145509719848633
4483,0.0022145509719848633
4484,0.0022145509719848633
4485,0.0022145509719848633
4486,0.0022145509719848633
4487,0.0022145509719848633
4488,0.0022145509719848633
4489,0.0022145509719848633
4490,0.0022145509719848633
4491,0.0022145509719848633
4492,0.0022145509719848633
4493,0.0022145509719848633
4494,0.0022145509719848633
4495,0.0022145509719848633
4496,0.0022145509719848633
4497,0.0022145509719848633
4498,0.0022145509719848633
4499,0.0022145509719848633
4500,0.0022145509719848633
4501,0.0022145509719848633
4502,0.0022145509719848633
4503,0.0022145509719848633
4504,0.0022145509719848633
4505,0.0022145509719848633
4506,0.0022145509719848633
4507,0.0022145509719848633
4508,0.0022145509719848633
4509,0.0022145509719848633
4510,0.0022145509719848633
4511,0.0022145509719848633
4512,0.0022145509719848633
4513,0.0022145509719848633
4514,0.0022145509719848633
4515,0.0022145509719848633
4516,0.0022145509719848633
4517,0.0022145509719848633
4518,0.0022145509719848633
4519,0.0022145509719848633
4520,0.0022145509719848633
4521,0.0022145509719848633
4522,0.0022145509719848633
4523,0.0022145509719848633
4524,0.0022145509719848633
4525,0.0022145509719848633
4526,0.0022145509719848633
4527,0.0022145509719848633
4528,0.0022145509719848633
4529,0.0022145509719848633
4530,0.0022145509719848633
4531,0.0022145509719848633
4532,0.0022145509719848633
4533,0.0022145509719848633
4534,0.0022145509719848633
4535,0.0022145509719848633
4536,0.0022145509719848633
4537,0.0022145509719848633
4538,0.0022145509719848633
4539,0.0022145509719848633
4540,0.0022145509719848633
4541,0.0022145509719848633
4542,0.0022145509719848633
4543,0.0022145509719848633
4544,0.0022145509719848633
4545,0.0022145509719848633
4546,0.0022145509719848633
4547,0.0022145509719848633
4548,0.0022145509719848633
4549,0.0022145509719848633
4550,0.0022145509719848633
4551,0.0022145509719848633
4552,0.0022145509719848633
4553,0.0022145509719848633
4554,0.0022145509719848633
4555,0.0022145509719848633
4556,0.0022145509719848633
4557,0.0022145509719848633
4558,0.0022145509719848633
4559,0.0022145509719848633
4560,0.0022145509719848633
4561,0.0022145509719848633
4562,0.0022145509719848633
4563,0.0022145509719848633
4564,0.0022145509719848633
4565,0.0022145509719848633
4566,0.0022145509719848633
4567,0.0022145509719848633
4568,0.0022145509719848633
4569,0.0022145509719848633
4570,0.0022145509719848633
4571,0.0022145509719848633
4572,0.0022145509719848633
4573,0.0022145509719848633
4574,0.0022145509719848633
4575,0.0022145509719848633
4576,0.0022145509719848633
4577,0.0022145509719848633
4578,0.0022145509719848633
4579,0.0022145509719848633
4580,0.0022145509719848633
4581,0.0022145509719848633
4582,0.0022145509719848633
4583,0.0022145509719848633
4584,0.0022145509719848633
4585,0.0022145509719848633
4586,0.0022145509719848633
4587,0.0022145509719848633
4588,0.0022145509719848633
4589,0.0022145509719848633
4590,0.0022145509719848633
4591,0.0022145509719848633
4592,0.0022145509719848633
4593,0.0022145509719848633
4594,0.0022145509719848633
4595,0.0022145509719848633
4596,0.0022145509719848633
4597,0.0022145509719848633
4598,0.0022145509719848633
4599,0.0022145509719848633
4600,0.0022145509719848633
4601,0.0022145509719848633
4602,0.0022145509719848633
4603,0.0022145509719848633
4604,0.0022145509719848633
4605,0.0022145509719848633
4606,0.0022145509719848633
4607,0.0022145509719848633
4608,0.0022145509719848633
4609,0.0022145509719848633
4610,0.0022145509719848633
4611,0.0022145509719848633
4612,0.0022145509719848633
4613,0.0022145509719848633
4614,0.0022145509719848633
4615,0.0022145509719848633
4616,0.0022145509719848633
4617,0.0022145509719848633
4618,0.0022145509719848633
4619,0.0022145509719848633
4620,0.0022145509719848633
4621,0.0022145509719848633
4622,0.0022145509719848633
4623,0.0022145509719848633
4624,0.0022145509719848633
4625,0.0022145509719848633
4626,0.0022145509719848633
4627,0.0022145509719848633
4628,0.0022145509719848633
4629,0.0022145509719848633
4630,0.0022145509719848633
4631,0.0022145509719848633
4632,0.0022145509719848633
4633,0.0022145509719848633
4634,0.0022145509719848633
4635,0.0022145509719848633
4636,0.0022145509719848633
4637,0.0022145509719848633
4638,0.0022145509719848633
4639,0.0022145509719848633
4640,0.0022145509719848633
4641,0.0022145509719848633
4642,0.0022145509719848633
4643,0.0022145509719848633
4644,0.0022145509719848633
4645,0.0022145509719848633
4646,0.0022145509719848633
4647,0.0022145509719848633
4648,0.0022145509719848633
4649,0.0022145509719848633
4650,0.0022145509719848633
4651,0.0022145509719848633
4652,0.0022145509719848633
4653,0.0022145509719848633
4654,0.0022145509719848633
4655,0.0022145509719848633
4656,0.0022145509719848633
4657,0.0022145509719848633
4658,0.0022145509719848633
4659,0.0022145509719848633
4660,0.0022145509719848633
4661,0.0022145509719848633
4662,0.0022145509719848633
4663,0.0022145509719848633
4664,0.0022145509719848633
4665,0.0022145509719848633
4666,0.0022145509719848633
4667,0.0022145509719848633
4668,0.0022145509719848633
4669,0.0022145509719848633
4670,0.0022145509719848633
4671,0.0022145509719848633
4672,0.0022145509719848633
4673,0.0022145509719848633
4674,0.0022145509719848633
4675,0.0022145509719848633
4676,0.0022145509719848633
4677,0.0022145509719848633
4678,0.0022145509719848633
4679,0.0022145509719848633
4680,0.0022145509719848633
4681,0.0022145509719848633
4682,0.0022145509719848633
4683,0.0022145509719848633
4684,0.0022145509719848633
4685,0.0022145509719848633
4686,0.0022145509719848633
4687,0.0022145509719848633
4688,0.0022145509719848633
4689,0.0022145509719848633
4690,0.0022145509719848633
4691,0.0022145509719848633
4692,0.0022145509719848633
4693,0.0022145509719848633
4694,0.0022145509719848633
4695,0.0022145509719848633
4696,0.0022145509719848633
4697,0.0022145509719848633
4698,0.0022145509719848633
4699,0.0022145509719848633
4700,0.0022145509719848633
4701,0.0022145509719848633
4702,0.0022145509719848633
4703,0.0022145509719848633
4704,0.0022145509719848633
4705,0.0022145509719848633
4706,0.0022145509719848633
4707,0.0022145509719848633
4708,0.0022145509719848633
4709,0.0022145509719848633
4710,0.0022145509719848633
4711,0.0022145509719848633
4712,0.0022145509719848633
4713,0.0022145509719848633
4714,0.0022145509719848633
4715,0.0022145509719848633
4716,0.0022145509719848633
4717,0.0022145509719848633
4718,0.0022145509719848633
4719,0.0022145509719848633
4720,0.0022145509719848633
4721,0.0022145509719848633
4722,0.0022145509719848633
4723,0.0022145509719848633
4724,0.0022145509719848633
4725,0.0022145509719848633
4726,0.0022145509719848633
4727,0.0022145509719848633
4728,0.0022145509719848633
4729,0.0022145509719848633
4730,0.0022145509719848633
4731,0.0022145509719848633
4732,0.0022145509719848633
4733,0.0022145509719848633
4734,0.0022145509719848633
4735,0.0022145509719848633
4736,0.0022145509719848633
4737,0.0022145509719848633
4738,0.0022145509719848633
4739,0.0022145509719848633
4740,0.0022145509719848633
4741,0.0022145509719848633
4742,0.0022145509719848633
4743,0.0022145509719848633
4744,0.0022145509719848633
4745,0.0022145509719848633
4746,0.0022145509719848633
4747,0.0022145509719848633
4748,0.0022145509719848633
4749,0.0022145509719848633
4750,0.0022145509719848633
4751,0.0022145509719848633
4752,0.0022145509719848633
4753,0.0022145509719848633
4754,0.0022145509719848633
4755,0.0022145509719848633
4756,0.0022145509719848633
4757,0.0022145509719848633
4758,0.0022145509719848633
4759,0.0022145509719848633
4760,0.0022145509719848633
4761,0.0022145509719848633
4762,0.0022145509719848633
4763,0.0022145509719848633
4764,0.0022145509719848633
4765,0.0022145509719848633
4766,0.0022145509719848633
4767,0.0022145509719848633
4768,0.0022145509719848633
4769,0.0022145509719848633
4770,0.0022145509719848633
4771,0.0022145509719848633
4772,0.0022145509719848633
4773,0.0022145509719848633
4774,0.0022145509719848633
4775,0.0022145509719848633
4776,0.0022145509719848633
4777,0.0022145509719848633
4778,0.0022145509719848633
4779,0.0022145509719848633
4780,0.0022145509719848633
4781,0.0022145509719848633
4782,0.0022145509719848633
4783,0.0022145509719848633
4784,0.0022145509719848633
4785,0.0022145509719848633
4786,0.0022145509719848633
4787,0.0022145509719848633
4788,0.0022145509719848633
4789,0.0022145509719848633
4790,0.0022145509719848633
4791,0.0022145509719848633
4792,0.0022145509719848633
4793,0.0022145509719848633
4794,0.0022145509719848633
4795,0.0022145509719848633
4796,0.0022145509719848633
4797,0.0022145509719848633
4798,0.0022145509719848633
4799,0.0022145509719848633
4800,0.0022145509719848633
4801,0.0022145509719848633
4802,0.0022145509719848633
4803,0.0022145509719848633
4804,0.0022145509719848633
4805,0.0022145509719848633
4806,0.0022145509719848633
4807,0.0022145509719848633
4808,0.0022145509719848633
4809,0.0022145509719848633
4810,0.0022145509719848633
4811,0.0022145509719848633
4812,0.0022145509719848633
4813,0.0022145509719848633
4814,0.0022145509719848633
4815,0.0022145509719848633
4816,0.0022145509719848633
4817,0.0022145509719848633
4818,0.0022145509719848633
4819,0.0022145509719848633
4820,0.0022145509719848633
4821,0.0022145509719848633
4822,0.0022145509719848633
4823,0.0022145509719848633
4824,0.0022145509719848633
4825,0.0022145509719848633
4826,0.0022145509719848633
4827,0.0022145509719848633
4828,0.0022145509719848633
4829,0.0022145509719848633
4830,0.0022145509719848633
4831,0.0022145509719848633
4832,0.0022145509719848633
4833,0.0022145509719848633
4834,0.0022145509719848633
4835,0.0022145509719848633
4836,0.0022145509719848633
4837,0.0022145509719848633
4838,0.0022145509719848633
4839,0.0022145509719848633
4840,0.0022145509719848633
4841,0.0022145509719848633
4842,0.0022145509719848633
4843,0.0022145509719848633
4844,0.0022145509719848633
4845,0.0022145509719848633
4846,0.0022145509719848633
4847,0.0022145509719848633
4848,0.0022145509719848633
4849,0.0022145509719848633
4850,0.0022145509719848633
4851,0.0022145509719848633
4852,0.0022145509719848633
4853,0.0022145509719848633
4854,0.0022145509719848633
4855,0.0022145509719848633
4856,0.0022145509719848633
4857,0.0022145509719848633
4858,0.0022145509719848633
4859,0.0022145509719848633
4860,0.0022145509719848633
4861,0.0022145509719848633
4862,0.0022145509719848633
4863,0.0022145509719848633
4864,0.0022145509719848633
4865,0.0022145509719848633
4866,0.0022145509719848633
4867,0.0022145509719848633
4868,0.0022145509719848633
4869,0.0022145509719848633
4870,0.0022145509719848633
4871,0.0022145509719848633
4872,0.0022145509719848633
4873,0.0022145509719848633
4874,0.0022145509719848633
4875,0.0022145509719848633
4876,0.0022145509719848633
4877,0.0022145509719848633
4878,0.0022145509719848633
4879,0.0022145509719848633
4880,0.0022145509719848633
4881,0.0022145509719848633
4882,0.0022145509719848633
4883,0.0022145509719848633
4884,0.0022145509719848633
4885,0.0022145509719848633
4886,0.0022145509719848633
4887,0.0022145509719848633
4888,0.0022145509719848633
4889,0.0022145509719848633
4890,0.0022145509719848633
4891,0.0022145509719848633
4892,0.0022145509719848633
4893,0.0022145509719848633
4894,0.0022145509719848633
4895,0.0022145509719848633
4896,0.0022145509719848633
4897,0.0022145509719848633
4898,0.0022145509719848633
4899,0.0022145509719848633
4900,0.0022145509719848633
4901,0.0022145509719848633
4902,0.0022145509719848633
4903,0.0022145509719848633
4904,0.0022145509719848633
4905,0.0022145509719848633
4906,0.0022145509719848633
4907,0.0022145509719848633
4908,0.0022145509719848633
4909,0.0022145509719848633
4910,0.0022145509719848633
4911,0.0022145509719848633
4912,0.0022145509719848633
4913,0.0022145509719848633
4914,0.0022145509719848633
4915,0.0022145509719848633
4916,0.0022145509719848633
4917,0.0022145509719848633
4918,0.0022145509719848633
4919,0.0022145509719848633
4920,0.0022145509719848633
4921,0.0022145509719848633
4922,0.0022145509719848633
4923,0.0022145509719848633
4924,0.0022145509719848633
4925,0.0022145509719848633
4926,0.0022145509719848633
4927,0.0022145509719848633
4928,0.0022145509719848633
4929,0.0022145509719848633
4930,0.0022145509719848633
4931,0.0022145509719848633
4932,0.0022145509719848633
4933,0.0022145509719848633
4934,0.0022145509719848633
4935,0.0022145509719848633
4936,0.0022145509719848633
4937,0.0022145509719848633
4938,0.0022145509719848633
4939,0.0022145509719848633
4940,0.0022145509719848633
4941,0.0022145509719848633
4942,0.0022145509719848633
4943,0.0022145509719848633
4944,0.0022145509719848633
4945,0.0022145509719848633
4946,0.0022145509719848633
4947,0.0022145509719848633
4948,0.0022145509719848633
4949,0.0022145509719848633
4950,0.0022145509719848633
4951,0.0022145509719848633
4952,0.0022145509719848633
4953,0.0022145509719848633
4954,0.0022145509719848633
4955,0.0022145509719848633
4956,0.0022145509719848633
4957,0.0022145509719848633
4958,0.0022145509719848633
4959,0.0022145509719848633
4960,0.0022145509719848633
4961,0.0022145509719848633
4962,0.0022145509719848633
4963,0.0022145509719848633
4964,0.0022145509719848633
4965,0.0022145509719848633
4966,0.0022145509719848633
4967,0.0022145509719848633
4968,0.0022145509719848633
4969,0.0022145509719848633
4970,0.0022145509719848633
4971,0.0022145509719848633
4972,0.0022145509719848633
4973,0.0022145509719848633
4974,0.0022145509719848633
4975,0.0022145509719848633
4976,0.0022145509719848633
4977,0.0022145509719848633
4978,0.0022145509719848633
4979,0.0022145509719848633
4980,0.0022145509719848633
4981,0.0022145509719848633
4982,0.0022145509719848633
4983,0.0022145509719848633
4984,0.0022145509719848633
4985,0.0022145509719848633
4986,0.0022145509719848633
4987,0.0022145509719848633
4988,0.0022145509719848633
4989,0.0022145509719848633
4990,0.0022145509719848633
4991,0.0022145509719848633
4992,0.0022145509719848633
4993,0.0022145509719848633
4994,0.0022145509719848633
4995,0.0022145509719848633
4996,0.0022145509719848633
4997,0.0022145509719848633
4998,0.0022145509719848633
4999,0.0022145509719848633
5000,0.0022145509719848633
5001,0.0022145509719848633
5002,0.0022145509719848633
5003,0.0022145509719848633
5004,0.0022145509719848633
5005,0.0022145509719848633
5006,0.0022145509719848633
5007,0.0022145509719848633
5008,0.0022145509719848633
5009,0.0022145509719848633
5010,0.0022145509719848633
5011,0.0022145509719848633
5012,0.0022145509719848633
5013,0.0022145509719848633
5014,0.0022145509719848633
5015,0.0022145509719848633
5016,0.0022145509719848633
5017,0.0022145509719848633
5018,0.0022145509719848633
5019,0.0022145509719848633
5020,0.0022145509719848633
5021,0.0022145509719848633
5022,0.0022145509719848633
5023,0.0022145509719848633
5024,0.0022145509719848633
5025,0.0022145509719848633
5026,0.0022145509719848633
5027,0.0022145509719848633
5028,0.0022145509719848633
5029,0.0022145509719848633
5030,0.0022145509719848633
5031,0.0022145509719848633
5032,0.0022145509719848633
5033,0.0022145509719848633
5034,0.0022145509719848633
5035,0.0022145509719848633
5036,0.0022145509719848633
5037,0.0022145509719848633
5038,0.0022145509719848633
5039,0.0022145509719848633
5040,0.0022145509719848633
5041,0.0022145509719848633
5042,0.0022145509719848633
5043,0.0022145509719848633
5044,0.0022145509719848633
5045,0.0022145509719848633
5046,0.0022145509719848633
5047,0.0022145509719848633
5048,0.0022145509719848633
5049,0.0022145509719848633
5050,0.0022145509719848633
5051,0.0022145509719848633
5052,0.0022145509719848633
5053,0.0022145509719848633
5054,0.0022145509719848633
5055,0.0022145509719848633
5056,0.0022145509719848633
5057,0.0022145509719848633
5058,0.0022145509719848633
5059,0.0022145509719848633
5060,0.0022145509719848633
5061,0.0022145509719848633
5062,0.0022145509719848633
5063,0.0022145509719848633
5064,0.0022145509719848633
5065,0.0022145509719848633
5066,0.0022145509719848633
5067,0.0022145509719848633
5068,0.0022145509719848633
5069,0.0022145509719848633
5070,0.0022145509719848633
5071,0.0022145509719848633
5072,0.0022145509719848633
5073,0.0022145509719848633
5074,0.0022145509719848633
5075,0.0022145509719848633
5076,0.0022145509719848633
5077,0.0022145509719848633
5078,0.0022145509719848633
5079,0.0022145509719848633
5080,0.0022145509719848633
5081,0.0022145509719848633
5082,0.0022145509719848633
5083,0.0022145509719848633
5084,0.0022145509719848633
5085,0.0022145509719848633
5086,0.0022145509719848633
5087,0.0022145509719848633
5088,0.0022145509719848633
5089,0.0022145509719848633
5090,0.0022145509719848633
5091,0.0022145509719848633
5092,0.0022145509719848633
5093,0.0022145509719848633
5094,0.0022145509719848633
5095,0.0022145509719848633
5096,0.0022145509719848633
5097,0.0022145509719848633
5098,0.0022145509719848633
5099,0.0022145509719848633
5100,0.0022145509719848633
5101,0.0022145509719848633
5102,0.0022145509719848633
5103,0.0022145509719848633
5104,0.0022145509719848633
5105,0.0022145509719848633
5106,0.0022145509719848633
5107,0.0022145509719848633
5108,0.0022145509719848633
5109,0.0022145509719848633
5110,0.0022145509719848633
5111,0.0022145509719848633
5112,0.0022145509719848633
5113,0.0022145509719848633
5114,0.0022145509719848633
5115,0.0022145509719848633
5116,0.0022145509719848633
5117,0.0022145509719848633
5118,0.0022145509719848633
5119,0.0022145509719848633
5120,0.0022145509719848633
5121,0.0022145509719848633
5122,0.0022145509719848633
5123,0.0022145509719848633
5124,0.0022145509719848633
5125,0.0022145509719848633
5126,0.0022145509719848633
5127,0.0022145509719848633
5128,0.0022145509719848633
5129,0.0022145509719848633
5130,0.0022145509719848633
5131,0.0022145509719848633
5132,0.0022145509719848633
5133,0.0022145509719848633
5134,0.0022145509719848633
5135,0.0022145509719848633
5136,0.0022145509719848633
5137,0.0022145509719848633
5138,0.0022145509719848633
5139,0.0022145509719848633
5140,0.0022145509719848633
5141,0.0022145509719848633
5142,0.0022145509719848633
5143,0.0022145509719848633
5144,0.0022145509719848633
5145,0.0022145509719848633
5146,0.0022145509719848633
5147,0.0022145509719848633
5148,0.0022145509719848633
5149,0.0022145509719848633
5150,0.0022145509719848633
5151,0.0022145509719848633
5152,0.0022145509719848633
5153,0.0022145509719848633
5154,0.0022145509719848633
5155,0.0022145509719848633
5156,0.0022145509719848633
5157,0.0022145509719848633
5158,0.0022145509719848633
5159,0.0022145509719848633
5160,0.0022145509719848633
5161,0.0022145509719848633
5162,0.0022145509719848633
5163,0.0022145509719848633
5164,0.0022145509719848633
5165,0.0022145509719848633
5166,0.0022145509719848633
5167,0.0022145509719848633
5168,0.0022145509719848633
5169,0.0022145509719848633
5170,0.0022145509719848633
5171,0.0022145509719848633
5172,0.0022145509719848633
5173,0.0022145509719848633
5174,0.0022145509719848633
5175,0.0022145509719848633
5176,0.0022145509719848633
5177,0.0022145509719848633
5178,0.0022145509719848633
5179,0.0022145509719848633
5180,0.0022145509719848633
5181,0.0022145509719848633
5182,0.0022145509719848633
5183,0.0022145509719848633
5184,0.0022145509719848633
5185,0.0022145509719848633
5186,0.0022145509719848633
5187,0.0022145509719848633
5188,0.0022145509719848633
5189,0.0022145509719848633
5190,0.0022145509719848633
5191,0.0022145509719848633
5192,0.0022145509719848633
5193,0.0022145509719848633
5194,0.0022145509719848633
5195,0.0022145509719848633
5196,0.0022145509719848633
5197,0.0022145509719848633
5198,0.0022145509719848633
5199,0.0022145509719848633
5200,0.0022145509719848633
5201,0.0022145509719848633
5202,0.0022145509719848633
5203,0.0022145509719848633
5204,0.0022145509719848633
5205,0.0022145509719848633
5206,0.0022145509719848633
5207,0.0022145509719848633
5208,0.0022145509719848633
5209,0.0022145509719848633
5210,0.0022145509719848633
5211,0.0022145509719848633
5212,0.0022145509719848633
5213,0.0022145509719848633
5214,0.0022145509719848633
5215,0.0022145509719848633
5216,0.0022145509719848633
5217,0.0022145509719848633
5218,0.0022145509719848633
5219,0.0022145509719848633
5220,0.0022145509719848633
5221,0.0022145509719848633
5222,0.0022145509719848633
5223,0.0022145509719848633
5224,0.0022145509719848633
5225,0.0022145509719848633
5226,0.0022145509719848633
5227,0.0022145509719848633
5228,0.0022145509719848633
5229,0.0022145509719848633
5230,0.0022145509719848633
5231,0.0022145509719848633
5232,0.0022145509719848633
5233,0.0022145509719848633
5234,0.0022145509719848633
5235,0.0022145509719848633
5236,0.0022145509719848633
5237,0.0022145509719848633
5238,0.0022145509719848633
5239,0.0022145509719848633
5240,0.0022145509719848633
5241,0.0022145509719848633
5242,0.0022145509719848633
5243,0.0022145509719848633
5244,0.0022145509719848633
5245,0.0022145509719848633
5246,0.0022145509719848633
5247,0.0022145509719848633
5248,0.0022145509719848633
5249,0.0022145509719848633
5250,0.0022145509719848633
5251,0.0022145509719848633
5252,0.0022145509719848633
5253,0.0022145509719848633
5254,0.0022145509719848633
5255,0.0022145509719848633
5256,0.0022145509719848633
5257,0.0022145509719848633
5258,0.0022145509719848633
5259,0.0022145509719848633
5260,0.0022145509719848633
5261,0.0022145509719848633
5262,0.0022145509719848633
5263,0.0022145509719848633
5264,0.0022145509719848633
5265,0.0022145509719848633
5266,0.0022145509719848633
5267,0.0022145509719848633
5268,0.0022145509719848633
5269,0.0022145509719848633
5270,0.0022145509719848633
5271,0.0022145509719848633
5272,0.0022145509719848633
5273,0.0022145509719848633
5274,0.0022145509719848633
5275,0.0022145509719848633
5276,0.0022145509719848633
5277,0.0022145509719848633
5278,0.0022145509719848633
5279,0.0022145509719848633
5280,0.0022145509719848633
5281,0.0022145509719848633
5282,0.0022145509719848633
5283,0.0022145509719848633
5284,0.0022145509719848633
5285,0.0022145509719848633
5286,0.0022145509719848633
5287,0.0022145509719848633
5288,0.0022145509719848633
5289,0.0022145509719848633
5290,0.0022145509719848633
5291,0.0022145509719848633
5292,0.0022145509719848633
5293,0.0022145509719848633
5294,0.0022145509719848633
5295,0.0022145509719848633
5296,0.0022145509719848633
5297,0.0022145509719848633
5298,0.0022145509719848633
5299,0.0022145509719848633
5300,0.0022145509719848633
5301,0.0022145509719848633
5302,0.0022145509719848633
5303,0.0022145509719848633
5304,0.0022145509719848633
5305,0.0022145509719848633
5306,0.0022145509719848633
5307,0.0022145509719848633
5308,0.0022145509719848633
5309,0.0022145509719848633
5310,0.0022145509719848633
5311,0.0022145509719848633
5312,0.0022145509719848633
5313,0.0022145509719848633
5314,0.0022145509719848633
5315,0.0022145509719848633
5316,0.0022145509719848633
5317,0.0022145509719848633
5318,0.0022145509719848633
5319,0.0022145509719848633
5320,0.0022145509719848633
5321,0.0022145509719848633
5322,0.0022145509719848633
5323,0.0022145509719848633
5324,0.0022145509719848633
5325,0.0022145509719848633
5326,0.0022145509719848633
5327,0.0022145509719848633
5328,0.0022145509719848633
5329,0.0022145509719848633
5330,0.0022145509719848633
5331,0.0022145509719848633
5332,0.0022145509719848633
5333,0.0022145509719848633
5334,0.0022145509719848633
5335,0.0022145509719848633
5336,0.0022145509719848633
5337,0.0022145509719848633
5338,0.0022145509719848633
5339,0.0022145509719848633
5340,0.0022145509719848633
5341,0.0022145509719848633
5342,0.0022145509719848633
5343,0.0022145509719848633
5344,0.0022145509719848633
5345,0.0022145509719848633
5346,0.0022145509719848633
5347,0.0022145509719848633
5348,0.0022145509719848633
5349,0.0022145509719848633
5350,0.0022145509719848633
5351,0.0022145509719848633
5352,0.0022145509719848633
5353,0.0022145509719848633
5354,0.0022145509719848633
5355,0.0022145509719848633
5356,0.0022145509719848633
5357,0.0022145509719848633
5358,0.0022145509719848633
5359,0.0022145509719848633
5360,0.0022145509719848633
5361,0.0022145509719848633
5362,0.0022145509719848633
5363,0.0022145509719848633
5364,0.0022145509719848633
5365,0.0022145509719848633
5366,0.0022145509719848633
5367,0.0022145509719848633
5368,0.0022145509719848633
5369,0.0022145509719848633
5370,0.0022145509719848633
5371,0.0022145509719848633
5372,0.0022145509719848633
5373,0.0022145509719848633
5374,0.0022145509719848633
5375,0.0022145509719848633
5376,0.0022145509719848633
5377,0.0022145509719848633
5378,0.0022145509719848633
5379,0.0022145509719848633
5380,0.0022145509719848633
5381,0.0022145509719848633
5382,0.0022145509719848633
5383,0.0022145509719848633
5384,0.0022145509719848633
5385,0.0022145509719848633
5386,0.0022145509719848633
5387,0.0022145509719848633
5388,0.0022145509719848633
5389,0.0022145509719848633
5390,0.0022145509719848633
5391,0.0022145509719848633
5392,0.0022145509719848633
5393,0.0022145509719848633
5394,0.0022145509719848633
5395,0.0022145509719848633
5396,0.0022145509719848633
5397,0.0022145509719848633
5398,0.0022145509719848633
5399,0.0022145509719848633
5400,0.0022145509719848633
5401,0.0022145509719848633
5402,0.0022145509719848633
5403,0.0022145509719848633
5404,0.0022145509719848633
5405,0.0022145509719848633
5406,0.0022145509719848633
5407,0.0022145509719848633
5408,0.0022145509719848633
5409,0.0022145509719848633
5410,0.0022145509719848633
5411,0.0022145509719848633
5412,0.0022145509719848633
5413,0.0022145509719848633
5414,0.0022145509719848633
5415,0.0022145509719848633
5416,0.0022145509719848633
5417,0.0022145509719848633
5418,0.0022145509719848633
5419,0.0022145509719848633
5420,0.0022145509719848633
5421,0.0022145509719848633
5422,0.0022145509719848633
5423,0.0022145509719848633
5424,0.0022145509719848633
5425,0.0022145509719848633
5426,0.0022145509719848633
5427,0.0022145509719848633
5428,0.0022145509719848633
5429,0.0022145509719848633
5430,0.0022145509719848633
5431,0.0022145509719848633
5432,0.0022145509719848633
5433,0.0022145509719848633
5434,0.0022145509719848633
5435,0.0022145509719848633
5436,0.0022145509719848633
5437,0.0022145509719848633
5438,0.0022145509719848633
5439,0.0022145509719848633
5440,0.0022145509719848633
5441,0.0022145509719848633
5442,0.0022145509719848633
5443,0.0022145509719848633
5444,0.0022145509719848633
5445,0.0022145509719848633
5446,0.0022145509719848633
5447,0.0022145509719848633
5448,0.0022145509719848633
5449,0.0022145509719848633
5450,0.0022145509719848633
5451,0.0022145509719848633
5452,0.0022145509719848633
5453,0.0022145509719848633
5454,0.0022145509719848633
5455,0.0022145509719848633
5456,0.0022145509719848633
5457,0.0022145509719848633
5458,0.0022145509719848633
5459,0.0022145509719848633
5460,0.0022145509719848633
5461,0.0022145509719848633
5462,0.0022145509719848633
5463,0.0022145509719848633
5464,0.0022145509719848633
5465,0.0022145509719848633
5466,0.0022145509719848633
5467,0.0022145509719848633
5468,0.0022145509719848633
5469,0.0022145509719848633
5470,0.0022145509719848633
5471,0.0022145509719848633
5472,0.0022145509719848633
5473,0.0022145509719848633
5474,0.0022145509719848633
5475,0.0022145509719848633
5476,0.0022145509719848633
5477,0.0022145509719848633
5478,0.0022145509719848633
5479,0.0022145509719848633
5480,0.0022145509719848633
5481,0.0022145509719848633
5482,0.0022145509719848633
5483,0.0022145509719848633
5484,0.0022145509719848633
5485,0.0022145509719848633
5486,0.0022145509719848633
5487,0.0022145509719848633
5488,0.0022145509719848633
5489,0.0022145509719848633
5490,0.0022145509719848633
5491,0.0022145509719848633
5492,0.0022145509719848633
5493,0.0022145509719848633
5494,0.0022145509719848633
5495,0.0022145509719848633
5496,0.0022145509719848633
5497,0.0022145509719848633
5498,0.0022145509719848633
5499,0.0022145509719848633
5500,0.0022145509719848633
5501,0.0022145509719848633
5502,0.0022145509719848633
5503,0.0022145509719848633
5504,0.0022145509719848633
5505,0.0022145509719848633
5506,0.0022145509719848633
5507,0.0022145509719848633
5508,0.0022145509719848633
5509,0.0022145509719848633
5510,0.0022145509719848633
5511,0.0022145509719848633
5512,0.0022145509719848633
5513,0.0022145509719848633
5514,0.0022145509719848633
5515,0.0022145509719848633
5516,0.0022145509719848633
5517,0.0022145509719848633
5518,0.0022145509719848633
5519,0.0022145509719848633
5520,0.0022145509719848633
5521,0.0022145509719848633
5522,0.0022145509719848633
5523,0.0022145509719848633
5524,0.0022145509719848633
5525,0.0022145509719848633
5526,0.0022145509719848633
5527,0.0022145509719848633
5528,0.0022145509719848633
5529,0.0022145509719848633
5530,0.0022145509719848633
5531,0.0022145509719848633
5532,0.0022145509719848633
5533,0.0022145509719848633
5534,0.0022145509719848633
5535,0.0022145509719848633
5536,0.0022145509719848633
5537,0.0022145509719848633
5538,0.0022145509719848633
5539,0.0022145509719848633
5540,0.0022145509719848633
5541,0.0022145509719848633
5542,0.0022145509719848633
5543,0.0022145509719848633
5544,0.0022145509719848633
5545,0.0022145509719848633
5546,0.0022145509719848633
5547,0.0022145509719848633
5548,0.0022145509719848633
5549,0.0022145509719848633
5550,0.0022145509719848633
5551,0.0022145509719848633
5552,0.0022145509719848633
5553,0.0022145509719848633
5554,0.0022145509719848633
5555,0.0022145509719848633
5556,0.0022145509719848633
5557,0.0022145509719848633
5558,0.0022145509719848633
5559,0.0022145509719848633
5560,0.0022145509719848633
5561,0.0022145509719848633
5562,0.0022145509719848633
5563,0.0022145509719848633
5564,0.0022145509719848633
5565,0.0022145509719848633
5566,0.0022145509719848633
5567,0.0022145509719848633
5568,0.0022145509719848633
5569,0.0022145509719848633
5570,0.0022145509719848633
5571,0.0022145509719848633
5572,0.0022145509719848633
5573,0.0022145509719848633
5574,0.0022145509719848633
5575,0.0022145509719848633
5576,0.0022145509719848633
5577,0.0022145509719848633
5578,0.0022145509719848633
5579,0.0022145509719848633
5580,0.0022145509719848633
5581,0.0022145509719848633
5582,0.0022145509719848633
5583,0.0022145509719848633
5584,0.0022145509719848633
5585,0.0022145509719848633
5586,0.0022145509719848633
5587,0.0022145509719848633
5588,0.0022145509719848633
5589,0.0022145509719848633
5590,0.0022145509719848633
5591,0.0022145509719848633
5592,0.0022145509719848633
5593,0.0022145509719848633
5594,0.0022145509719848633
5595,0.0022145509719848633
5596,0.0022145509719848633
5597,0.0022145509719848633
5598,0.0022145509719848633
5599,0.0022145509719848633
5600,0.0022145509719848633
5601,0.0022145509719848633
5602,0.0022145509719848633
5603,0.0022145509719848633
5604,0.0022145509719848633
5605,0.0022145509719848633
5606,0.0022145509719848633
5607,0.0022145509719848633
5608,0.0022145509719848633
5609,0.0022145509719848633
5610,0.0022145509719848633
5611,0.0022145509719848633
5612,0.0022145509719848633
5613,0.0022145509719848633
5614,0.0022145509719848633
5615,0.0022145509719848633
5616,0.0022145509719848633
5617,0.0022145509719848633
5618,0.0022145509719848633
5619,0.0022145509719848633
5620,0.0022145509719848633
5621,0.0022145509719848633
5622,0.0022145509719848633
5623,0.0022145509719848633
5624,0.0022145509719848633
5625,0.0022145509719848633
5626,0.0022145509719848633
5627,0.0022145509719848633
5628,0.0022145509719848633
5629,0.0022145509719848633
5630,0.0022145509719848633
5631,0.0022145509719848633
5632,0.0022145509719848633
5633,0.0022145509719848633
5634,0.0022145509719848633
5635,0.0022145509719848633
5636,0.0022145509719848633
5637,0.0022145509719848633
5638,0.0022145509719848633
5639,0.0022145509719848633
5640,0.0022145509719848633
5641,0.0022145509719848633
5642,0.0022145509719848633
5643,0.0022145509719848633
5644,0.0022145509719848633
5645,0.0022145509719848633
5646,0.0022145509719848633
5647,0.0022145509719848633
5648,0.0022145509719848633
5649,0.0022145509719848633
5650,0.0022145509719848633
5651,0.0022145509719848633
5652,0.0022145509719848633
5653,0.0022145509719848633
5654,0.0022145509719848633
5655,0.0022145509719848633
5656,0.0022145509719848633
5657,0.0022145509719848633
5658,0.0022145509719848633
5659,0.0022145509719848633
5660,0.0022145509719848633
5661,0.0022145509719848633
5662,0.0022145509719848633
5663,0.0022145509719848633
5664,0.0022145509719848633
5665,0.0022145509719848633
5666,0.0022145509719848633
5667,0.0022145509719848633
5668,0.0022145509719848633
5669,0.0022145509719848633
5670,0.0022145509719848633
5671,0.0022145509719848633
5672,0.0022145509719848633
5673,0.0022145509719848633
5674,0.0022145509719848633
5675,0.0022145509719848633
5676,0.0022145509719848633
5677,0.0022145509719848633
5678,0.0022145509719848633
5679,0.0022145509719848633
5680,0.0022145509719848633
5681,0.0022145509719848633
5682,0.0022145509719848633
5683,0.0022145509719848633
5684,0.0022145509719848633
5685,0.0022145509719848633
5686,0.0022145509719848633
5687,0.0022145509719848633
5688,0.0022145509719848633
5689,0.0022145509719848633
5690,0.0022145509719848633
5691,0.0022145509719848633
5692,0.0022145509719848633
5693,0.0022145509719848633
5694,0.0022145509719848633
5695,0.0022145509719848633
5696,0.0022145509719848633
5697,0.0022145509719848633
5698,0.0022145509719848633
5699,0.0022145509719848633
5700,0.0022145509719848633
5701,0.0022145509719848633
5702,0.0022145509719848633
5703,0.0022145509719848633
5704,0.0022145509719848633
5705,0.0022145509719848633
5706,0.0022145509719848633
5707,0.0022145509719848633
5708,0.0022145509719848633
5709,0.0022145509719848633
5710,0.0022145509719848633
5711,0.0022145509719848633
5712,0.0022145509719848633
5713,0.0022145509719848633
5714,0.0022145509719848633
5715,0.0022145509719848633
5716,0.0022145509719848633
5717,0.0022145509719848633
5718,0.0022145509719848633
5719,0.0022145509719848633
5720,0.0022145509719848633
5721,0.0022145509719848633
5722,0.0022145509719848633
5723,0.0022145509719848633
5724,0.0022145509719848633
5725,0.0022145509719848633
5726,0.0022145509719848633
5727,0.0022145509719848633
5728,0.0022145509719848633
5729,0.0022145509719848633
5730,0.0022145509719848633
5731,0.0022145509719848633
5732,0.0022145509719848633
5733,0.0022145509719848633
5734,0.0022145509719848633
5735,0.0022145509719848633
5736,0.0022145509719848633
5737,0.0022145509719848633
5738,0.0022145509719848633
5739,0.0022145509719848633
5740,0.0022145509719848633
5741,0.0022145509719848633
5742,0.0022145509719848633
5743,0.0022145509719848633
5744,0.0022145509719848633
5745,0.0022145509719848633
5746,0.0022145509719848633
5747,0.0022145509719848633
5748,0.0022145509719848633
5749,0.0022145509719848633
5750,0.0022145509719848633
5751,0.0022145509719848633
5752,0.0022145509719848633
5753,0.0022145509719848633
5754,0.0022145509719848633
5755,0.0022145509719848633
5756,0.0022145509719848633
5757,0.0022145509719848633
5758,0.0022145509719848633
5759,0.0022145509719848633
5760,0.0022145509719848633
5761,0.0022145509719848633
5762,0.0022145509719848633
5763,0.0022145509719848633
5764,0.0022145509719848633
5765,0.0022145509719848633
5766,0.0022145509719848633
5767,0.0022145509719848633
5768,0.0022145509719848633
5769,0.0022145509719848633
5770,0.0022145509719848633
5771,0.0022145509719848633
5772,0.0022145509719848633
5773,0.0022145509719848633
5774,0.0022145509719848633
5775,0.0022145509719848633
5776,0.0022145509719848633
5777,0.0022145509719848633
5778,0.0022145509719848633
5779,0.0022145509719848633
5780,0.0022145509719848633
5781,0.0022145509719848633
5782,0.0022145509719848633
5783,0.0022145509719848633
5784,0.0022145509719848633
5785,0.0022145509719848633
5786,0.0022145509719848633
5787,0.0022145509719848633
5788,0.0022145509719848633
5789,0.0022145509719848633
5790,0.0022145509719848633
5791,0.0022145509719848633
5792,0.0022145509719848633
5793,0.0022145509719848633
5794,0.0022145509719848633
5795,0.0022145509719848633
5796,0.0022145509719848633
5797,0.0022145509719848633
5798,0.0022145509719848633
5799,0.0022145509719848633
5800,0.0022145509719848633
5801,0.0022145509719848633
5802,0.0022145509719848633
5803,0.0022145509719848633
5804,0.0022145509719848633
5805,0.0022145509719848633
5806,0.0022145509719848633
5807,0.0022145509719848633
5808,0.0022145509719848633
5809,0.0022145509719848633
5810,0.0022145509719848633
5811,0.0022145509719848633
5812,0.0022145509719848633
5813,0.0022145509719848633
5814,0.0022145509719848633
5815,0.0022145509719848633
5816,0.0022145509719848633
5817,0.0022145509719848633
5818,0.0022145509719848633
5819,0.0022145509719848633
5820,0.0022145509719848633
5821,0.0022145509719848633
5822,0.0022145509719848633
5823,0.0022145509719848633
5824,0.0022145509719848633
5825,0.0022145509719848633
5826,0.0022145509719848633
5827,0.0022145509719848633
5828,0.0022145509719848633
5829,0.0022145509719848633
5830,0.0022145509719848633
5831,0.0022145509719848633
5832,0.0022145509719848633
5833,0.0022145509719848633
5834,0.0022145509719848633
5835,0.0022145509719848633
5836,0.0022145509719848633
5837,0.0022145509719848633
5838,0.0022145509719848633
5839,0.0022145509719848633
5840,0.0022145509719848633
5841,0.0022145509719848633
5842,0.0022145509719848633
5843,0.0022145509719848633
5844,0.0022145509719848633
5845,0.0022145509719848633
5846,0.0022145509719848633
5847,0.0022145509719848633
5848,0.0022145509719848633
5849,0.0022145509719848633
5850,0.0022145509719848633
5851,0.0022145509719848633
5852,0.0022145509719848633
5853,0.0022145509719848633
5854,0.0022145509719848633
5855,0.0022145509719848633
5856,0.0022145509719848633
5857,0.0022145509719848633
5858,0.0022145509719848633
5859,0.0022145509719848633
5860,0.0022145509719848633
5861,0.0022145509719848633
5862,0.0022145509719848633
5863,0.0022145509719848633
5864,0.0022145509719848633
5865,0.0022145509719848633
5866,0.0022145509719848633
5867,0.0022145509719848633
5868,0.0022145509719848633
5869,0.0022145509719848633
5870,0.0022145509719848633
5871,0.0022145509719848633
5872,0.0022145509719848633
5873,0.0022145509719848633
5874,0.0022145509719848633
5875,0.0022145509719848633
5876,0.0022145509719848633
5877,0.0022145509719848633
5878,0.0022145509719848633
5879,0.0022145509719848633
5880,0.0022145509719848633
5881,0.0022145509719848633
5882,0.0022145509719848633
5883,0.0022145509719848633
5884,0.0022145509719848633
5885,0.0022145509719848633
5886,0.0022145509719848633
5887,0.0022145509719848633
5888,0.0022145509719848633
5889,0.0022145509719848633
5890,0.0022145509719848633
5891,0.0022145509719848633
5892,0.0022145509719848633
5893,0.0022145509719848633
5894,0.0022145509719848633
5895,0.0022145509719848633
5896,0.0022145509719848633
5897,0.0022145509719848633
5898,0.0022145509719848633
5899,0.0022145509719848633
5900,0.0022145509719848633
5901,0.0022145509719848633
5902,0.0022145509719848633
5903,0.0022145509719848633
5904,0.0022145509719848633
5905,0.0022145509719848633
5906,0.0022145509719848633
5907,0.0022145509719848633
5908,0.0022145509719848633
5909,0.0022145509719848633
5910,0.0022145509719848633
5911,0.0022145509719848633
5912,0.0022145509719848633
5913,0.0022145509719848633
5914,0.0022145509719848633
5915,0.0022145509719848633
5916,0.0022145509719848633
5917,0.0022145509719848633
5918,0.0022145509719848633
5919,0.0022145509719848633
5920,0.0022145509719848633
5921,0.0022145509719848633
5922,0.0022145509719848633
5923,0.0022145509719848633
5924,0.0022145509719848633
5925,0.0022145509719848633
5926,0.0022145509719848633
5927,0.0022145509719848633
5928,0.0022145509719848633
5929,0.0022145509719848633
5930,0.0022145509719848633
5931,0.0022145509719848633
5932,0.0022145509719848633
5933,0.0022145509719848633
5934,0.0022145509719848633
5935,0.0022145509719848633
5936,0.0022145509719848633
5937,0.0022145509719848633
5938,0.0022145509719848633
5939,0.0022145509719848633
5940,0.0022145509719848633
5941,0.0022145509719848633
5942,0.0022145509719848633
5943,0.0022145509719848633
5944,0.0022145509719848633
5945,0.0022145509719848633
5946,0.0022145509719848633
5947,0.0022145509719848633
5948,0.0022145509719848633
5949,0.0022145509719848633
5950,0.0022145509719848633
5951,0.0022145509719848633
5952,0.0022145509719848633
5953,0.0022145509719848633
5954,0.0022145509719848633
5955,0.0022145509719848633
5956,0.0022145509719848633
5957,0.0022145509719848633
5958,0.0022145509719848633
5959,0.0022145509719848633
5960,0.0022145509719848633
5961,0.0022145509719848633
5962,0.0022145509719848633
5963,0.0022145509719848633
5964,0.0022145509719848633
5965,0.0022145509719848633
5966,0.0022145509719848633
5967,0.0022145509719848633
5968,0.0022145509719848633
5969,0.0022145509719848633
5970,0.0022145509719848633
5971,0.0022145509719848633
5972,0.0022145509719848633
5973,0.0022145509719848633
5974,0.0022145509719848633
5975,0.0022145509719848633
5976,0.0022145509719848633
5977,0.0022145509719848633
5978,0.0022145509719848633
5979,0.0022145509719848633
5980,0.0022145509719848633
5981,0.0022145509719848633
5982,0.0022145509719848633
5983,0.0022145509719848633
5984,0.0022145509719848633
5985,0.0022145509719848633
5986,0.0022145509719848633
5987,0.0022145509719848633
5988,0.0022145509719848633
5989,0.0022145509719848633
5990,0.0022145509719848633
5991,0.0022145509719848633
5992,0.0022145509719848633
5993,0.0022145509719848633
5994,0.0022145509719848633
5995,0.0022145509719848633
5996,0.0022145509719848633
5997,0.0022145509719848633
5998,0.0022145509719848633
5999,0.0022145509719848633
6000,0.0022145509719848633
6001,0.0022145509719848633
6002,0.0022145509719848633
6003,0.0022145509719848633
6004,0.0022145509719848633
6005,0.0022145509719848633
6006,0.0022145509719848633
6007,0.0022145509719848633
6008,0.0022145509719848633
6009,0.0022145509719848633
6010,0.0022145509719848633
6011,0.0022145509719848633
6012,0.0022145509719848633
6013,0.0022145509719848633
6014,0.0022145509719848633
6015,0.0022145509719848633
6016,0.0022145509719848633
6017,0.0022145509719848633
6018,0.0022145509719848633
6019,0.0022145509719848633
6020,0.0022145509719848633
6021,0.0022145509719848633
6022,0.0022145509719848633
6023,0.0022145509719848633
6024,0.0022145509719848633
6025,0.0022145509719848633
6026,0.0022145509719848633
6027,0.0022145509719848633
6028,0.0022145509719848633
6029,0.0022145509719848633
6030,0.0022145509719848633
6031,0.0022145509719848633
6032,0.0022145509719848633
6033,0.0022145509719848633
6034,0.0022145509719848633
6035,0.0022145509719848633
6036,0.0022145509719848633
6037,0.0022145509719848633
6038,0.0022145509719848633
6039,0.0022145509719848633
6040,0.0022145509719848633
6041,0.0022145509719848633
6042,0.0022145509719848633
6043,0.0022145509719848633
6044,0.0022145509719848633
6045,0.0022145509719848633
6046,0.0022145509719848633
6047,0.0022145509719848633
6048,0.0022145509719848633
6049,0.0022145509719848633
6050,0.0022145509719848633
6051,0.0022145509719848633
6052,0.0022145509719848633
6053,0.0022145509719848633
6054,0.0022145509719848633
6055,0.0022145509719848633
6056,0.0022145509719848633
6057,0.0022145509719848633
6058,0.0022145509719848633
6059,0.0022145509719848633
6060,0.0022145509719848633
6061,0.0022145509719848633
6062,0.0022145509719848633
6063,0.0022145509719848633
6064,0.0022145509719848633
6065,0.0022145509719848633
6066,0.0022145509719848633
6067,0.0022145509719848633
6068,0.0022145509719848633
6069,0.0022145509719848633
6070,0.0022145509719848633
6071,0.0022145509719848633
6072,0.0022145509719848633
6073,0.0022145509719848633
6074,0.0022145509719848633
6075,0.0022145509719848633
6076,0.0022145509719848633
6077,0.0022145509719848633
6078,0.0022145509719848633
6079,0.0022145509719848633
6080,0.0022145509719848633
6081,0.0022145509719848633
6082,0.0022145509719848633
6083,0.0022145509719848633
6084,0.0022145509719848633
6085,0.0022145509719848633
6086,0.0022145509719848633
6087,0.0022145509719848633
6088,0.0022145509719848633
6089,0.0022145509719848633
6090,0.0022145509719848633
6091,0.0022145509719848633
6092,0.0022145509719848633
6093,0.0022145509719848633
6094,0.0022145509719848633
6095,0.0022145509719848633
6096,0.0022145509719848633
6097,0.0022145509719848633
6098,0.0022145509719848633
6099,0.0022145509719848633
6100,0.0022145509719848633
6101,0.0022145509719848633
6102,0.0022145509719848633
6103,0.0022145509719848633
6104,0.0022145509719848633
6105,0.0022145509719848633
6106,0.0022145509719848633
6107,0.0022145509719848633
6108,0.0022145509719848633
6109,0.0022145509719848633
6110,0.0022145509719848633
6111,0.0022145509719848633
6112,0.0022145509719848633
6113,0.0022145509719848633
6114,0.0022145509719848633
6115,0.0022145509719848633
6116,0.0022145509719848633
6117,0.0022145509719848633
6118,0.0022145509719848633
6119,0.0022145509719848633
6120,0.0022145509719848633
6121,0.0022145509719848633
6122,0.0022145509719848633
6123,0.0022145509719848633
6124,0.0022145509719848633
6125,0.0022145509719848633
6126,0.0022145509719848633
6127,0.0022145509719848633
6128,0.0022145509719848633
6129,0.0022145509719848633
6130,0.0022145509719848633
6131,0.0022145509719848633
6132,0.0022145509719848633
6133,0.0022145509719848633
6134,0.0022145509719848633
6135,0.0022145509719848633
6136,0.0022145509719848633
6137,0.0022145509719848633
6138,0.0022145509719848633
6139,0.0022145509719848633
6140,0.0022145509719848633
6141,0.0022145509719848633
6142,0.0022145509719848633
6143,0.0022145509719848633
6144,0.0022145509719848633
6145,0.0022145509719848633
6146,0.0022145509719848633
6147,0.0022145509719848633
6148,0.0022145509719848633
6149,0.0022145509719848633
6150,0.0022145509719848633
6151,0.0022145509719848633
6152,0.0022145509719848633
6153,0.0022145509719848633
6154,0.0022145509719848633
6155,0.0022145509719848633
6156,0.0022145509719848633
6157,0.0022145509719848633
6158,0.0022145509719848633
6159,0.0022145509719848633
6160,0.0022145509719848633
6161,0.0022145509719848633
6162,0.0022145509719848633
6163,0.0022145509719848633
6164,0.0022145509719848633
6165,0.0022145509719848633
6166,0.0022145509719848633
6167,0.0022145509719848633
6168,0.0022145509719848633
6169,0.0022145509719848633
6170,0.0022145509719848633
6171,0.0022145509719848633
6172,0.0022145509719848633
6173,0.0022145509719848633
6174,0.0022145509719848633
6175,0.0022145509719848633
6176,0.0022145509719848633
6177,0.0022145509719848633
6178,0.0022145509719848633
6179,0.0022145509719848633
6180,0.0022145509719848633
6181,0.0022145509719848633
6182,0.0022145509719848633
6183,0.0022145509719848633
6184,0.0022145509719848633
6185,0.0022145509719848633
6186,0.0022145509719848633
6187,0.0022145509719848633
6188,0.0022145509719848633
6189,0.0022145509719848633
6190,0.0022145509719848633
6191,0.0022145509719848633
6192,0.0022145509719848633
6193,0.0022145509719848633
6194,0.0022145509719848633
6195,0.0022145509719848633
6196,0.0022145509719848633
6197,0.0022145509719848633
6198,0.0022145509719848633
6199,0.0022145509719848633
6200,0.0022145509719848633
6201,0.0022145509719848633
6202,0.0022145509719848633
6203,0.0022145509719848633
6204,0.0022145509719848633
6205,0.0022145509719848633
6206,0.0022145509719848633
6207,0.0022145509719848633
6208,0.0022145509719848633
6209,0.0022145509719848633
6210,0.0022145509719848633
6211,0.0022145509719848633
6212,0.0022145509719848633
6213,0.0022145509719848633
6214,0.0022145509719848633
6215,0.0022145509719848633
6216,0.0022145509719848633
6217,0.0022145509719848633
6218,0.0022145509719848633
6219,0.0022145509719848633
6220,0.0022145509719848633
6221,0.0022145509719848633
6222,0.0022145509719848633
6223,0.0022145509719848633
6224,0.0022145509719848633
6225,0.0022145509719848633
6226,0.0022145509719848633
6227,0.0022145509719848633
6228,0.0022145509719848633
6229,0.0022145509719848633
6230,0.0022145509719848633
6231,0.0022145509719848633
6232,0.0022145509719848633
6233,0.0022145509719848633
6234,0.0022145509719848633
6235,0.0022145509719848633
6236,0.0022145509719848633
6237,0.0022145509719848633
6238,0.0022145509719848633
6239,0.0022145509719848633
6240,0.0022145509719848633
6241,0.0022145509719848633
6242,0.0022145509719848633
6243,0.0022145509719848633
6244,0.0022145509719848633
6245,0.0022145509719848633
6246,0.0022145509719848633
6247,0.0022145509719848633
6248,0.0022145509719848633
6249,0.0022145509719848633
6250,0.0022145509719848633
6251,0.0022145509719848633
6252,0.0022145509719848633
6253,0.0022145509719848633
6254,0.0022145509719848633
6255,0.0022145509719848633
6256,0.0022145509719848633
6257,0.0022145509719848633
6258,0.0022145509719848633
6259,0.0022145509719848633
6260,0.0022145509719848633
6261,0.0022145509719848633
6262,0.0022145509719848633
6263,0.0022145509719848633
6264,0.0022145509719848633
6265,0.0022145509719848633
6266,0.0022145509719848633
6267,0.0022145509719848633
6268,0.0022145509719848633
6269,0.0022145509719848633
6270,0.0022145509719848633
6271,0.0022145509719848633
6272,0.0022145509719848633
6273,0.0022145509719848633
6274,0.0022145509719848633
6275,0.0022145509719848633
6276,0.0022145509719848633
6277,0.0022145509719848633
6278,0.0022145509719848633
6279,0.0022145509719848633
6280,0.0022145509719848633
6281,0.0022145509719848633
6282,0.0022145509719848633
6283,0.0022145509719848633
6284,0.0022145509719848633
6285,0.0022145509719848633
6286,0.0022145509719848633
6287,0.0022145509719848633
6288,0.0022145509719848633
6289,0.0022145509719848633
6290,0.0022145509719848633
6291,0.0022145509719848633
6292,0.0022145509719848633
6293,0.0022145509719848633
6294,0.0022145509719848633
6295,0.0022145509719848633
6296,0.0022145509719848633
6297,0.0022145509719848633
6298,0.0022145509719848633
6299,0.0022145509719848633
6300,0.0022145509719848633
6301,0.0022145509719848633
6302,0.0022145509719848633
6303,0.0022145509719848633
6304,0.0022145509719848633
6305,0.0022145509719848633
6306,0.0022145509719848633
6307,0.0022145509719848633
6308,0.0022145509719848633
6309,0.0022145509719848633
6310,0.0022145509719848633
6311,0.0022145509719848633
6312,0.0022145509719848633
6313,0.0022145509719848633
6314,0.0022145509719848633
6315,0.0022145509719848633
6316,0.0022145509719848633
6317,0.0022145509719848633
6318,0.0022145509719848633
6319,0.0022145509719848633
6320,0.0022145509719848633
6321,0.0022145509719848633
6322,0.0022145509719848633
6323,0.0022145509719848633
6324,0.0022145509719848633
6325,0.0022145509719848633
6326,0.0022145509719848633
6327,0.0022145509719848633
6328,0.0022145509719848633
6329,0.0022145509719848633
6330,0.0022145509719848633
6331,0.0022145509719848633
6332,0.0022145509719848633
6333,0.0022145509719848633
6334,0.0022145509719848633
6335,0.0022145509719848633
6336,0.0022145509719848633
6337,0.0022145509719848633
6338,0.0022145509719848633
6339,0.0022145509719848633
6340,0.0022145509719848633
6341,0.0022145509719848633
6342,0.0022145509719848633
6343,0.0022145509719848633
6344,0.0022145509719848633
6345,0.0022145509719848633
6346,0.0022145509719848633
6347,0.0022145509719848633
6348,0.0022145509719848633
6349,0.0022145509719848633
6350,0.0022145509719848633
6351,0.0022145509719848633
6352,0.0022145509719848633
6353,0.0022145509719848633
6354,0.0022145509719848633
6355,0.0022145509719848633
6356,0.0022145509719848633
6357,0.0022145509719848633
6358,0.0022145509719848633
6359,0.0022145509719848633
6360,0.0022145509719848633
6361,0.0022145509719848633
6362,0.0022145509719848633
6363,0.0022145509719848633
6364,0.0022145509719848633
6365,0.0022145509719848633
6366,0.0022145509719848633
6367,0.0022145509719848633
6368,0.0022145509719848633
6369,0.0022145509719848633
6370,0.0022145509719848633
6371,0.0022145509719848633
6372,0.0022145509719848633
6373,0.0022145509719848633
6374,0.0022145509719848633
6375,0.0022145509719848633
6376,0.0022145509719848633
6377,0.0022145509719848633
6378,0.0022145509719848633
6379,0.0022145509719848633
6380,0.0022145509719848633
6381,0.0022145509719848633
6382,0.0022145509719848633
6383,0.0022145509719848633
6384,0.0022145509719848633
6385,0.0022145509719848633
6386,0.0022145509719848633
6387,0.0022145509719848633
6388,0.0022145509719848633
6389,0.0022145509719848633
6390,0.0022145509719848633
6391,0.0022145509719848633
6392,0.0022145509719848633
6393,0.0022145509719848633
6394,0.0022145509719848633
6395,0.0022145509719848633
6396,0.0022145509719848633
6397,0.0022145509719848633
6398,0.0022145509719848633
6399,0.0022145509719848633
6400,0.0022145509719848633
6401,0.0022145509719848633
6402,0.0022145509719848633
6403,0.0022145509719848633
6404,0.0022145509719848633
6405,0.0022145509719848633
6406,0.0022145509719848633
6407,0.0022145509719848633
6408,0.0022145509719848633
6409,0.0022145509719848633
6410,0.0022145509719848633
6411,0.0022145509719848633
6412,0.0022145509719848633
6413,0.0022145509719848633
6414,0.0022145509719848633
6415,0.0022145509719848633
6416,0.0022145509719848633
6417,0.0022145509719848633
6418,0.0022145509719848633
6419,0.0022145509719848633
6420,0.0022145509719848633
6421,0.0022145509719848633
6422,0.0022145509719848633
6423,0.0022145509719848633
6424,0.0022145509719848633
6425,0.0022145509719848633
6426,0.0022145509719848633
6427,0.0022145509719848633
6428,0.0022145509719848633
6429,0.0022145509719848633
6430,0.0022145509719848633
6431,0.0022145509719848633
6432,0.0022145509719848633
6433,0.0022145509719848633
6434,0.0022145509719848633
6435,0.0022145509719848633
6436,0.0022145509719848633
6437,0.0022145509719848633
6438,0.0022145509719848633
6439,0.0022145509719848633
6440,0.0022145509719848633
6441,0.0022145509719848633
6442,0.0022145509719848633
6443,0.0022145509719848633
6444,0.0022145509719848633
6445,0.0022145509719848633
6446,0.0022145509719848633
6447,0.0022145509719848633
6448,0.0022145509719848633
6449,0.0022145509719848633
6450,0.0022145509719848633
6451,0.0022145509719848633
6452,0.0022145509719848633
6453,0.0022145509719848633
6454,0.0022145509719848633
6455,0.0022145509719848633
6456,0.0022145509719848633
6457,0.0022145509719848633
6458,0.0022145509719848633
6459,0.0022145509719848633
6460,0.0022145509719848633
6461,0.0022145509719848633
6462,0.0022145509719848633
6463,0.0022145509719848633
6464,0.0022145509719848633
6465,0.0022145509719848633
6466,0.0022145509719848633
6467,0.0022145509719848633
6468,0.0022145509719848633
6469,0.0022145509719848633
6470,0.0022145509719848633
6471,0.0022145509719848633
6472,0.0022145509719848633
6473,0.0022145509719848633
6474,0.0022145509719848633
6475,0.0022145509719848633
6476,0.0022145509719848633
6477,0.0022145509719848633
6478,0.0022145509719848633
6479,0.0022145509719848633
6480,0.0022145509719848633
6481,0.0022145509719848633
6482,0.0022145509719848633
6483,0.0022145509719848633
6484,0.0022145509719848633
6485,0.0022145509719848633
6486,0.0022145509719848633
6487,0.0022145509719848633
6488,0.0022145509719848633
6489,0.0022145509719848633
6490,0.0022145509719848633
6491,0.0022145509719848633
6492,0.0022145509719848633
6493,0.0022145509719848633
6494,0.0022145509719848633
6495,0.0022145509719848633
6496,0.0022145509719848633
6497,0.0022145509719848633
6498,0.0022145509719848633
6499,0.0022145509719848633
6500,0.0022145509719848633
6501,0.0022145509719848633
6502,0.0022145509719848633
6503,0.0022145509719848633
6504,0.0022145509719848633
6505,0.0022145509719848633
6506,0.0022145509719848633
6507,0.0022145509719848633
6508,0.0022145509719848633
6509,0.0022145509719848633
6510,0.0022145509719848633
6511,0.0022145509719848633
6512,0.0022145509719848633
6513,0.0022145509719848633
6514,0.0022145509719848633
6515,0.0022145509719848633
6516,0.0022145509719848633
6517,0.0022145509719848633
6518,0.0022145509719848633
6519,0.0022145509719848633
6520,0.0022145509719848633
6521,0.0022145509719848633
6522,0.0022145509719848633
6523,0.0022145509719848633
6524,0.0022145509719848633
6525,0.0022145509719848633
6526,0.0022145509719848633
6527,0.0022145509719848633
6528,0.0022145509719848633
6529,0.0022145509719848633
6530,0.0022145509719848633
6531,0.0022145509719848633
6532,0.0022145509719848633
6533,0.0022145509719848633
6534,0.0022145509719848633
6535,0.0022145509719848633
6536,0.0022145509719848633
6537,0.0022145509719848633
6538,0.0022145509719848633
6539,0.0022145509719848633
6540,0.0022145509719848633
6541,0.0022145509719848633
6542,0.0022145509719848633
6543,0.0022145509719848633
6544,0.0022145509719848633
6545,0.0022145509719848633
6546,0.0022145509719848633
6547,0.0022145509719848633
6548,0.0022145509719848633
6549,0.0022145509719848633
6550,0.0022145509719848633
6551,0.0022145509719848633
6552,0.0022145509719848633
6553,0.0022145509719848633
6554,0.0022145509719848633
6555,0.0022145509719848633
6556,0.0022145509719848633
6557,0.0022145509719848633
6558,0.0022145509719848633
6559,0.0022145509719848633
6560,0.0022145509719848633
6561,0.0022145509719848633
6562,0.0022145509719848633
6563,0.0022145509719848633
6564,0.0022145509719848633
6565,0.0022145509719848633
6566,0.0022145509719848633
6567,0.0022145509719848633
6568,0.0022145509719848633
6569,0.0022145509719848633
6570,0.0022145509719848633
6571,0.0022145509719848633
6572,0.0022145509719848633
6573,0.0022145509719848633
6574,0.0022145509719848633
6575,0.0022145509719848633
6576,0.0022145509719848633
6577,0.0022145509719848633
6578,0.0022145509719848633
6579,0.0022145509719848633
6580,0.0022145509719848633
6581,0.0022145509719848633
6582,0.0022145509719848633
6583,0.0022145509719848633
6584,0.0022145509719848633
6585,0.0022145509719848633
6586,0.0022145509719848633
6587,0.0022145509719848633
6588,0.0022145509719848633
6589,0.0022145509719848633
6590,0.0022145509719848633
6591,0.0022145509719848633
6592,0.0022145509719848633
6593,0.0022145509719848633
6594,0.0022145509719848633
6595,0.0022145509719848633
6596,0.0022145509719848633
6597,0.0022145509719848633
6598,0.0022145509719848633
6599,0.0022145509719848633
6600,0.0022145509719848633
6601,0.0022145509719848633
6602,0.0022145509719848633
6603,0.0022145509719848633
6604,0.0022145509719848633
6605,0.0022145509719848633
6606,0.0022145509719848633
6607,0.0022145509719848633
6608,0.0022145509719848633
6609,0.0022145509719848633
6610,0.0022145509719848633
6611,0.0022145509719848633
6612,0.0022145509719848633
6613,0.0022145509719848633
6614,0.0022145509719848633
6615,0.0022145509719848633
6616,0.0022145509719848633
6617,0.0022145509719848633
6618,0.0022145509719848633
6619,0.0022145509719848633
6620,0.0022145509719848633
6621,0.0022145509719848633
6622,0.0022145509719848633
6623,0.0022145509719848633
6624,0.0022145509719848633
6625,0.0022145509719848633
6626,0.0022145509719848633
6627,0.0022145509719848633
6628,0.0022145509719848633
6629,0.0022145509719848633
6630,0.0022145509719848633
6631,0.0022145509719848633
6632,0.0022145509719848633
6633,0.0022145509719848633
6634,0.0022145509719848633
6635,0.0022145509719848633
6636,0.0022145509719848633
6637,0.0022145509719848633
6638,0.0022145509719848633
6639,0.0022145509719848633
6640,0.0022145509719848633
6641,0.0022145509719848633
6642,0.0022145509719848633
6643,0.0022145509719848633
6644,0.0022145509719848633
6645,0.0022145509719848633
6646,0.0022145509719848633
6647,0.0022145509719848633
6648,0.0022145509719848633
6649,0.0022145509719848633
6650,0.0022145509719848633
6651,0.0022145509719848633
6652,0.0022145509719848633
6653,0.0022145509719848633
6654,0.0022145509719848633
6655,0.0022145509719848633
6656,0.0022145509719848633
6657,0.0022145509719848633
6658,0.0022145509719848633
6659,0.0022145509719848633
6660,0.0022145509719848633
6661,0.0022145509719848633
6662,0.0022145509719848633
6663,0.0022145509719848633
6664,0.0022145509719848633
6665,0.0022145509719848633
6666,0.0022145509719848633
6667,0.0022145509719848633
6668,0.0022145509719848633
6669,0.0022145509719848633
6670,0.0022145509719848633
6671,0.0022145509719848633
6672,0.0022145509719848633
6673,0.0022145509719848633
6674,0.0022145509719848633
6675,0.0022145509719848633
6676,0.0022145509719848633
6677,0.0022145509719848633
6678,0.0022145509719848633
6679,0.0022145509719848633
6680,0.0022145509719848633
6681,0.0022145509719848633
6682,0.0022145509719848633
6683,0.0022145509719848633
6684,0.0022145509719848633
6685,0.0022145509719848633
6686,0.0022145509719848633
6687,0.0022145509719848633
6688,0.0022145509719848633
6689,0.0022145509719848633
6690,0.0022145509719848633
6691,0.0022145509719848633
6692,0.0022145509719848633
6693,0.0022145509719848633
6694,0.0022145509719848633
6695,0.0022145509719848633
6696,0.0022145509719848633
6697,0.0022145509719848633
6698,0.0022145509719848633
6699,0.0022145509719848633
6700,0.0022145509719848633
6701,0.0022145509719848633
6702,0.0022145509719848633
6703,0.0022145509719848633
6704,0.0022145509719848633
6705,0.0022145509719848633
6706,0.0022145509719848633
6707,0.0022145509719848633
6708,0.0022145509719848633
6709,0.0022145509719848633
6710,0.0022145509719848633
6711,0.0022145509719848633
6712,0.0022145509719848633
6713,0.0022145509719848633
6714,0.0022145509719848633
6715,0.0022145509719848633
6716,0.0022145509719848633
6717,0.0022145509719848633
6718,0.0022145509719848633
6719,0.0022145509719848633
6720,0.0022145509719848633
6721,0.0022145509719848633
6722,0.0022145509719848633
6723,0.0022145509719848633
6724,0.0022145509719848633
6725,0.0022145509719848633
6726,0.0022145509719848633
6727,0.0022145509719848633
6728,0.0022145509719848633
6729,0.0022145509719848633
6730,0.0022145509719848633
6731,0.0022145509719848633
6732,0.0022145509719848633
6733,0.0022145509719848633
6734,0.0022145509719848633
6735,0.0022145509719848633
6736,0.0022145509719848633
6737,0.0022145509719848633
6738,0.0022145509719848633
6739,0.0022145509719848633
6740,0.0022145509719848633
6741,0.0022145509719848633
6742,0.0022145509719848633
6743,0.0022145509719848633
6744,0.0022145509719848633
6745,0.0022145509719848633
6746,0.0022145509719848633
6747,0.0022145509719848633
6748,0.0022145509719848633
6749,0.0022145509719848633
6750,0.0022145509719848633
6751,0.0022145509719848633
6752,0.0022145509719848633
6753,0.0022145509719848633
6754,0.0022145509719848633
6755,0.0022145509719848633
6756,0.0022145509719848633
6757,0.0022145509719848633
6758,0.0022145509719848633
6759,0.0022145509719848633
6760,0.0022145509719848633
6761,0.0022145509719848633
6762,0.0022145509719848633
6763,0.0022145509719848633
6764,0.0022145509719848633
6765,0.0022145509719848633
6766,0.0022145509719848633
6767,0.0022145509719848633
6768,0.0022145509719848633
6769,0.0022145509719848633
6770,0.0022145509719848633
6771,0.0022145509719848633
6772,0.0022145509719848633
6773,0.0022145509719848633
6774,0.0022145509719848633
6775,0.0022145509719848633
6776,0.0022145509719848633
6777,0.0022145509719848633
6778,0.0022145509719848633
6779,0.0022145509719848633
6780,0.0022145509719848633
6781,0.0022145509719848633
6782,0.0022145509719848633
6783,0.0022145509719848633
6784,0.0022145509719848633
6785,0.0022145509719848633
6786,0.0022145509719848633
6787,0.0022145509719848633
6788,0.0022145509719848633
6789,0.0022145509719848633
6790,0.0022145509719848633
6791,0.0022145509719848633
6792,0.0022145509719848633
6793,0.0022145509719848633
6794,0.0022145509719848633
6795,0.0022145509719848633
6796,0.0022145509719848633
6797,0.0022145509719848633
6798,0.0022145509719848633
6799,0.0022145509719848633
6800,0.0022145509719848633
6801,0.0022145509719848633
6802,0.0022145509719848633
6803,0.0022145509719848633
6804,0.0022145509719848633
6805,0.0022145509719848633
6806,0.0022145509719848633
6807,0.0022145509719848633
6808,0.0022145509719848633
6809,0.0022145509719848633
6810,0.0022145509719848633
6811,0.0022145509719848633
6812,0.0022145509719848633
6813,0.0022145509719848633
6814,0.0022145509719848633
6815,0.0022145509719848633
6816,0.0022145509719848633
6817,0.0022145509719848633
6818,0.0022145509719848633
6819,0.0022145509719848633
6820,0.0022145509719848633
6821,0.0022145509719848633
6822,0.0022145509719848633
6823,0.0022145509719848633
6824,0.0022145509719848633
6825,0.0022145509719848633
6826,0.0022145509719848633
6827,0.0022145509719848633
6828,0.0022145509719848633
6829,0.0022145509719848633
6830,0.0022145509719848633
6831,0.0022145509719848633
6832,0.0022145509719848633
6833,0.0022145509719848633
6834,0.0022145509719848633
6835,0.0022145509719848633
6836,0.0022145509719848633
6837,0.0022145509719848633
6838,0.0022145509719848633
6839,0.0022145509719848633
6840,0.0022145509719848633
6841,0.0022145509719848633
6842,0.0022145509719848633
6843,0.0022145509719848633
6844,0.0022145509719848633
6845,0.0022145509719848633
6846,0.0022145509719848633
6847,0.0022145509719848633
6848,0.0022145509719848633
6849,0.0022145509719848633
6850,0.0022145509719848633
6851,0.0022145509719848633
6852,0.0022145509719848633
6853,0.0022145509719848633
6854,0.0022145509719848633
6855,0.0022145509719848633
6856,0.0022145509719848633
6857,0.0022145509719848633
6858,0.0022145509719848633
6859,0.0022145509719848633
6860,0.0022145509719848633
6861,0.0022145509719848633
6862,0.0022145509719848633
6863,0.0022145509719848633
6864,0.0022145509719848633
6865,0.0022145509719848633
6866,0.0022145509719848633
6867,0.0022145509719848633
6868,0.0022145509719848633
6869,0.0022145509719848633
6870,0.0022145509719848633
6871,0.0022145509719848633
6872,0.0022145509719848633
6873,0.0022145509719848633
6874,0.0022145509719848633
6875,0.0022145509719848633
6876,0.0022145509719848633
6877,0.0022145509719848633
6878,0.0022145509719848633
6879,0.0022145509719848633
6880,0.0022145509719848633
6881,0.0022145509719848633
6882,0.0022145509719848633
6883,0.0022145509719848633
6884,0.0022145509719848633
6885,0.0022145509719848633
6886,0.0022145509719848633
6887,0.0022145509719848633
6888,0.0022145509719848633
6889,0.0022145509719848633
6890,0.0022145509719848633
6891,0.0022145509719848633
6892,0.0022145509719848633
6893,0.0022145509719848633
6894,0.0022145509719848633
6895,0.0022145509719848633
6896,0.0022145509719848633
6897,0.0022145509719848633
6898,0.0022145509719848633
6899,0.0022145509719848633
6900,0.0022145509719848633
6901,0.0022145509719848633
6902,0.0022145509719848633
6903,0.0022145509719848633
6904,0.0022145509719848633
6905,0.0022145509719848633
6906,0.0022145509719848633
6907,0.0022145509719848633
6908,0.0022145509719848633
6909,0.0022145509719848633
6910,0.0022145509719848633
6911,0.0022145509719848633
6912,0.0022145509719848633
6913,0.0022145509719848633
6914,0.0022145509719848633
6915,0.0022145509719848633
6916,0.0022145509719848633
6917,0.0022145509719848633
6918,0.0022145509719848633
6919,0.0022145509719848633
6920,0.0022145509719848633
6921,0.0022145509719848633
6922,0.0022145509719848633
6923,0.0022145509719848633
6924,0.0022145509719848633
6925,0.0022145509719848633
6926,0.0022145509719848633
6927,0.0022145509719848633
6928,0.0022145509719848633
6929,0.0022145509719848633
6930,0.0022145509719848633
6931,0.0022145509719848633
6932,0.0022145509719848633
6933,0.0022145509719848633
6934,0.0022145509719848633
6935,0.0022145509719848633
6936,0.0022145509719848633
6937,0.0022145509719848633
6938,0.0022145509719848633
6939,0.0022145509719848633
6940,0.0022145509719848633
6941,0.0022145509719848633
6942,0.0022145509719848633
6943,0.0022145509719848633
6944,0.0022145509719848633
6945,0.0022145509719848633
6946,0.0022145509719848633
6947,0.0022145509719848633
6948,0.0022145509719848633
6949,0.0022145509719848633
6950,0.0022145509719848633
6951,0.0022145509719848633
6952,0.0022145509719848633
6953,0.0022145509719848633
6954,0.0022145509719848633
6955,0.0022145509719848633
6956,0.0022145509719848633
6957,0.0022145509719848633
6958,0.0022145509719848633
6959,0.0022145509719848633
6960,0.0022145509719848633
6961,0.0022145509719848633
6962,0.0022145509719848633
6963,0.0022145509719848633
6964,0.0022145509719848633
6965,0.0022145509719848633
6966,0.0022145509719848633
6967,0.0022145509719848633
6968,0.0022145509719848633
6969,0.0022145509719848633
6970,0.0022145509719848633
6971,0.0022145509719848633
6972,0.0022145509719848633
6973,0.0022145509719848633
6974,0.0022145509719848633
6975,0.0022145509719848633
6976,0.0022145509719848633
6977,0.0022145509719848633
6978,0.0022145509719848633
6979,0.0022145509719848633
6980,0.0022145509719848633
6981,0.0022145509719848633
6982,0.0022145509719848633
6983,0.0022145509719848633
6984,0.0022145509719848633
6985,0.0022145509719848633
6986,0.0022145509719848633
6987,0.0022145509719848633
6988,0.0022145509719848633
6989,0.0022145509719848633
6990,0.0022145509719848633
6991,0.0022145509719848633
6992,0.0022145509719848633
6993,0.0022145509719848633
6994,0.0022145509719848633
6995,0.0022145509719848633
6996,0.0022145509719848633
6997,0.0022145509719848633
6998,0.0022145509719848633
6999,0.0022145509719848633
7000,0.0022145509719848633
7001,0.0022145509719848633
7002,0.0022145509719848633
7003,0.0022145509719848633
7004,0.0022145509719848633
7005,0.0022145509719848633
7006,0.0022145509719848633
7007,0.0022145509719848633
7008,0.0022145509719848633
7009,0.0022145509719848633
7010,0.0022145509719848633
7011,0.0022145509719848633
7012,0.0022145509719848633
7013,0.0022145509719848633
7014,0.0022145509719848633
7015,0.0022145509719848633
7016,0.0022145509719848633
7017,0.0022145509719848633
7018,0.0022145509719848633
7019,0.0022145509719848633
7020,0.0022145509719848633
7021,0.0022145509719848633
7022,0.0022145509719848633
7023,0.0022145509719848633
7024,0.0022145509719848633
7025,0.0022145509719848633
7026,0.0022145509719848633
7027,0.0022145509719848633
7028,0.0022145509719848633
7029,0.0022145509719848633
7030,0.0022145509719848633
7031,0.0022145509719848633
7032,0.0022145509719848633
7033,0.0022145509719848633
7034,0.0022145509719848633
7035,0.0022145509719848633
7036,0.0022145509719848633
7037,0.0022145509719848633
7038,0.0022145509719848633
7039,0.0022145509719848633
7040,0.0022145509719848633
7041,0.0022145509719848633
7042,0.0022145509719848633
7043,0.0022145509719848633
7044,0.0022145509719848633
7045,0.0022145509719848633
7046,0.0022145509719848633
7047,0.0022145509719848633
7048,0.0022145509719848633
7049,0.0022145509719848633
7050,0.0022145509719848633
7051,0.0022145509719848633
7052,0.0022145509719848633
7053,0.0022145509719848633
7054,0.0022145509719848633
7055,0.0022145509719848633
7056,0.0022145509719848633
7057,0.0022145509719848633
7058,0.0022145509719848633
7059,0.0022145509719848633
7060,0.0022145509719848633
7061,0.0022145509719848633
7062,0.0022145509719848633
7063,0.0022145509719848633
7064,0.0022145509719848633
7065,0.0022145509719848633
7066,0.0022145509719848633
7067,0.0022145509719848633
7068,0.0022145509719848633
7069,0.0022145509719848633
7070,0.0022145509719848633
7071,0.0022145509719848633
7072,0.0022145509719848633
7073,0.0022145509719848633
7074,0.0022145509719848633
7075,0.0022145509719848633
7076,0.0022145509719848633
7077,0.0022145509719848633
7078,0.0022145509719848633
7079,0.0022145509719848633
7080,0.0022145509719848633
7081,0.0022145509719848633
7082,0.0022145509719848633
7083,0.0022145509719848633
7084,0.0022145509719848633
7085,0.0022145509719848633
7086,0.0022145509719848633
7087,0.0022145509719848633
7088,0.0022145509719848633
7089,0.0022145509719848633
7090,0.0022145509719848633
7091,0.0022145509719848633
7092,0.0022145509719848633
7093,0.0022145509719848633
7094,0.0022145509719848633
7095,0.0022145509719848633
7096,0.0022145509719848633
7097,0.0022145509719848633
7098,0.0022145509719848633
7099,0.0022145509719848633
7100,0.0022145509719848633
7101,0.0022145509719848633
7102,0.0022145509719848633
7103,0.0022145509719848633
7104,0.0022145509719848633
7105,0.0022145509719848633
7106,0.0022145509719848633
7107,0.0022145509719848633
7108,0.0022145509719848633
7109,0.0022145509719848633
7110,0.0022145509719848633
7111,0.0022145509719848633
7112,0.0022145509719848633
7113,0.0022145509719848633
7114,0.0022145509719848633
7115,0.0022145509719848633
7116,0.0022145509719848633
7117,0.0022145509719848633
7118,0.0022145509719848633
7119,0.0022145509719848633
7120,0.0022145509719848633
7121,0.0022145509719848633
7122,0.0022145509719848633
7123,0.0022145509719848633
7124,0.0022145509719848633
7125,0.0022145509719848633
7126,0.0022145509719848633
7127,0.0022145509719848633
7128,0.0022145509719848633
7129,0.0022145509719848633
7130,0.0022145509719848633
7131,0.0022145509719848633
7132,0.0022145509719848633
7133,0.0022145509719848633
7134,0.0022145509719848633
7135,0.0022145509719848633
7136,0.0022145509719848633
7137,0.0022145509719848633
7138,0.0022145509719848633
7139,0.0022145509719848633
7140,0.0022145509719848633
7141,0.0022145509719848633
7142,0.0022145509719848633
7143,0.0022145509719848633
7144,0.0022145509719848633
7145,0.0022145509719848633
7146,0.0022145509719848633
7147,0.0022145509719848633
7148,0.0022145509719848633
7149,0.0022145509719848633
7150,0.0022145509719848633
7151,0.0022145509719848633
7152,0.0022145509719848633
7153,0.0022145509719848633
7154,0.0022145509719848633
7155,0.0022145509719848633
7156,0.0022145509719848633
7157,0.0022145509719848633
7158,0.0022145509719848633
7159,0.0022145509719848633
7160,0.0022145509719848633
7161,0.0022145509719848633
7162,0.0022145509719848633
7163,0.0022145509719848633
7164,0.0022145509719848633
7165,0.0022145509719848633
7166,0.0022145509719848633
7167,0.0022145509719848633
7168,0.0022145509719848633
7169,0.0022145509719848633
7170,0.0022145509719848633
7171,0.0022145509719848633
7172,0.0022145509719848633
7173,0.0022145509719848633
7174,0.0022145509719848633
7175,0.0022145509719848633
7176,0.0022145509719848633
7177,0.0022145509719848633
7178,0.0022145509719848633
7179,0.0022145509719848633
7180,0.0022145509719848633
7181,0.0022145509719848633
7182,0.0022145509719848633
7183,0.0022145509719848633
7184,0.0022145509719848633
7185,0.0022145509719848633
7186,0.0022145509719848633
7187,0.0022145509719848633
7188,0.0022145509719848633
7189,0.0022145509719848633
7190,0.0022145509719848633
7191,0.0022145509719848633
7192,0.0022145509719848633
7193,0.0022145509719848633
7194,0.0022145509719848633
7195,0.0022145509719848633
7196,0.0022145509719848633
7197,0.0022145509719848633
7198,0.0022145509719848633
7199,0.0022145509719848633
7200,0.0022145509719848633
7201,0.0022145509719848633
7202,0.0022145509719848633
7203,0.0022145509719848633
7204,0.0022145509719848633
7205,0.0022145509719848633
7206,0.0022145509719848633
7207,0.0022145509719848633
7208,0.0022145509719848633
7209,0.0022145509719848633
7210,0.0022145509719848633
7211,0.0022145509719848633
7212,0.0022145509719848633
7213,0.0022145509719848633
7214,0.0022145509719848633
7215,0.0022145509719848633
7216,0.0022145509719848633
7217,0.0022145509719848633
7218,0.0022145509719848633
7219,0.0022145509719848633
7220,0.0022145509719848633
7221,0.0022145509719848633
7222,0.0022145509719848633
7223,0.0022145509719848633
7224,0.0022145509719848633
7225,0.0022145509719848633
7226,0.0022145509719848633
7227,0.0022145509719848633
7228,0.0022145509719848633
7229,0.0022145509719848633
7230,0.0022145509719848633
7231,0.0022145509719848633
7232,0.0022145509719848633
7233,0.0022145509719848633
7234,0.0022145509719848633
7235,0.0022145509719848633
7236,0.0022145509719848633
7237,0.0022145509719848633
7238,0.0022145509719848633
7239,0.0022145509719848633
7240,0.0022145509719848633
7241,0.0022145509719848633
7242,0.0022145509719848633
7243,0.0022145509719848633
7244,0.0022145509719848633
7245,0.0022145509719848633
7246,0.0022145509719848633
7247,0.0022145509719848633
7248,0.0022145509719848633
7249,0.0022145509719848633
7250,0.0022145509719848633
7251,0.0022145509719848633
7252,0.0022145509719848633
7253,0.0022145509719848633
7254,0.0022145509719848633
7255,0.0022145509719848633
7256,0.0022145509719848633
7257,0.0022145509719848633
7258,0.0022145509719848633
7259,0.0022145509719848633
7260,0.0022145509719848633
7261,0.0022145509719848633
7262,0.0022145509719848633
7263,0.0022145509719848633
7264,0.0022145509719848633
7265,0.0022145509719848633
7266,0.0022145509719848633
7267,0.0022145509719848633
7268,0.0022145509719848633
7269,0.0022145509719848633
7270,0.0022145509719848633
7271,0.0022145509719848633
7272,0.0022145509719848633
7273,0.0022145509719848633
7274,0.0022145509719848633
7275,0.0022145509719848633
7276,0.0022145509719848633
7277,0.0022145509719848633
7278,0.0022145509719848633
7279,0.0022145509719848633
7280,0.0022145509719848633
7281,0.0022145509719848633
7282,0.0022145509719848633
7283,0.0022145509719848633
7284,0.0022145509719848633
7285,0.0022145509719848633
7286,0.0022145509719848633
7287,0.0022145509719848633
7288,0.0022145509719848633
7289,0.0022145509719848633
7290,0.0022145509719848633
7291,0.0022145509719848633
7292,0.0022145509719848633
7293,0.0022145509719848633
7294,0.0022145509719848633
7295,0.0022145509719848633
7296,0.0022145509719848633
7297,0.0022145509719848633
7298,0.0022145509719848633
7299,0.0022145509719848633
7300,0.0022145509719848633
7301,0.0022145509719848633
7302,0.0022145509719848633
7303,0.0022145509719848633
7304,0.0022145509719848633
7305,0.0022145509719848633
7306,0.0022145509719848633
7307,0.0022145509719848633
7308,0.0022145509719848633
7309,0.0022145509719848633
7310,0.0022145509719848633
7311,0.0022145509719848633
7312,0.0022145509719848633
7313,0.0022145509719848633
7314,0.0022145509719848633
7315,0.0022145509719848633
7316,0.0022145509719848633
7317,0.0022145509719848633
7318,0.0022145509719848633
7319,0.0022145509719848633
7320,0.0022145509719848633
7321,0.0022145509719848633
7322,0.0022145509719848633
7323,0.0022145509719848633
7324,0.0022145509719848633
7325,0.0022145509719848633
7326,0.0022145509719848633
7327,0.0022145509719848633
7328,0.0022145509719848633
7329,0.0022145509719848633
7330,0.0022145509719848633
7331,0.0022145509719848633
7332,0.0022145509719848633
7333,0.0022145509719848633
7334,0.0022145509719848633
7335,0.0022145509719848633
7336,0.0022145509719848633
7337,0.0022145509719848633
7338,0.0022145509719848633
7339,0.0022145509719848633
7340,0.0022145509719848633
7341,0.0022145509719848633
7342,0.0022145509719848633
7343,0.0022145509719848633
7344,0.0022145509719848633
7345,0.0022145509719848633
7346,0.0022145509719848633
7347,0.0022145509719848633
7348,0.0022145509719848633
7349,0.0022145509719848633
7350,0.0022145509719848633
7351,0.0022145509719848633
7352,0.0022145509719848633
7353,0.0022145509719848633
7354,0.0022145509719848633
7355,0.0022145509719848633
7356,0.0022145509719848633
7357,0.0022145509719848633
7358,0.0022145509719848633
7359,0.0022145509719848633
7360,0.0022145509719848633
7361,0.0022145509719848633
7362,0.0022145509719848633
7363,0.0022145509719848633
7364,0.0022145509719848633
7365,0.0022145509719848633
7366,0.0022145509719848633
7367,0.0022145509719848633
7368,0.0022145509719848633
7369,0.0022145509719848633
7370,0.0022145509719848633
7371,0.0022145509719848633
7372,0.0022145509719848633
7373,0.0022145509719848633
7374,0.0022145509719848633
7375,0.0022145509719848633
7376,0.0022145509719848633
7377,0.0022145509719848633
7378,0.0022145509719848633
7379,0.0022145509719848633
7380,0.0022145509719848633
7381,0.0022145509719848633
7382,0.0022145509719848633
7383,0.0022145509719848633
7384,0.0022145509719848633
7385,0.0022145509719848633
7386,0.0022145509719848633
7387,0.0022145509719848633
7388,0.0022145509719848633
7389,0.0022145509719848633
7390,0.0022145509719848633
7391,0.0022145509719848633
7392,0.0022145509719848633
7393,0.0022145509719848633
7394,0.0022145509719848633
7395,0.0022145509719848633
7396,0.0022145509719848633
7397,0.0022145509719848633
7398,0.0022145509719848633
7399,0.0022145509719848633
7400,0.0022145509719848633
7401,0.0022145509719848633
7402,0.0022145509719848633
7403,0.0022145509719848633
7404,0.0022145509719848633
7405,0.0022145509719848633
7406,0.0022145509719848633
7407,0.0022145509719848633
7408,0.0022145509719848633
7409,0.0022145509719848633
7410,0.0022145509719848633
7411,0.0022145509719848633
7412,0.0022145509719848633
7413,0.0022145509719848633
7414,0.0022145509719848633
7415,0.0022145509719848633
7416,0.0022145509719848633
7417,0.0022145509719848633
7418,0.0022145509719848633
7419,0.0022145509719848633
7420,0.0022145509719848633
7421,0.0022145509719848633
7422,0.0022145509719848633
7423,0.0022145509719848633
7424,0.0022145509719848633
7425,0.0022145509719848633
7426,0.0022145509719848633
7427,0.0022145509719848633
7428,0.0022145509719848633
7429,0.0022145509719848633
7430,0.0022145509719848633
7431,0.0022145509719848633
7432,0.0022145509719848633
7433,0.0022145509719848633
7434,0.0022145509719848633
7435,0.0022145509719848633
7436,0.0022145509719848633
7437,0.0022145509719848633
7438,0.0022145509719848633
7439,0.0022145509719848633
7440,0.0022145509719848633
7441,0.0022145509719848633
7442,0.0022145509719848633
7443,0.0022145509719848633
7444,0.0022145509719848633
7445,0.0022145509719848633
7446,0.0022145509719848633
7447,0.0022145509719848633
7448,0.0022145509719848633
7449,0.0022145509719848633
7450,0.0022145509719848633
7451,0.0022145509719848633
7452,0.0022145509719848633
7453,0.0022145509719848633
7454,0.0022145509719848633
7455,0.0022145509719848633
7456,0.0022145509719848633
7457,0.0022145509719848633
7458,0.0022145509719848633
7459,0.0022145509719848633
7460,0.0022145509719848633
7461,0.0022145509719848633
7462,0.0022145509719848633
7463,0.0022145509719848633
7464,0.0022145509719848633
7465,0.0022145509719848633
7466,0.0022145509719848633
7467,0.0022145509719848633
7468,0.0022145509719848633
7469,0.0022145509719848633
7470,0.0022145509719848633
7471,0.0022145509719848633
7472,0.0022145509719848633
7473,0.0022145509719848633
7474,0.0022145509719848633
7475,0.0022145509719848633
7476,0.0022145509719848633
7477,0.0022145509719848633
7478,0.0022145509719848633
7479,0.0022145509719848633
7480,0.0022145509719848633
7481,0.0022145509719848633
7482,0.0022145509719848633
7483,0.0022145509719848633
7484,0.0022145509719848633
7485,0.0022145509719848633
7486,0.0022145509719848633
7487,0.0022145509719848633
7488,0.0022145509719848633
7489,0.0022145509719848633
7490,0.0022145509719848633
7491,0.0022145509719848633
7492,0.0022145509719848633
7493,0.0022145509719848633
7494,0.0022145509719848633
7495,0.0022145509719848633
7496,0.0022145509719848633
7497,0.0022145509719848633
7498,0.0022145509719848633
7499,0.0022145509719848633
7500,0.0022145509719848633
7501,0.0022145509719848633
7502,0.0022145509719848633
7503,0.0022145509719848633
7504,0.0022145509719848633
7505,0.0022145509719848633
7506,0.0022145509719848633
7507,0.0022145509719848633
7508,0.0022145509719848633
7509,0.0022145509719848633
7510,0.0022145509719848633
7511,0.0022145509719848633
7512,0.0022145509719848633
7513,0.0022145509719848633
7514,0.0022145509719848633
7515,0.0022145509719848633
7516,0.0022145509719848633
7517,0.0022145509719848633
7518,0.0022145509719848633
7519,0.0022145509719848633
7520,0.0022145509719848633
7521,0.0022145509719848633
7522,0.0022145509719848633
7523,0.0022145509719848633
7524,0.0022145509719848633
7525,0.0022145509719848633
7526,0.0022145509719848633
7527,0.0022145509719848633
7528,0.0022145509719848633
7529,0.0022145509719848633
7530,0.0022145509719848633
7531,0.0022145509719848633
7532,0.0022145509719848633
7533,0.0022145509719848633
7534,0.0022145509719848633
7535,0.0022145509719848633
7536,0.0022145509719848633
7537,0.0022145509719848633
7538,0.0022145509719848633
7539,0.0022145509719848633
7540,0.0022145509719848633
7541,0.0022145509719848633
7542,0.0022145509719848633
7543,0.0022145509719848633
7544,0.0022145509719848633
7545,0.0022145509719848633
7546,0.0022145509719848633
7547,0.0022145509719848633
7548,0.0022145509719848633
7549,0.0022145509719848633
7550,0.0022145509719848633
7551,0.0022145509719848633
7552,0.0022145509719848633
7553,0.0022145509719848633
7554,0.0022145509719848633
7555,0.0022145509719848633
7556,0.0022145509719848633
7557,0.0022145509719848633
7558,0.0022145509719848633
7559,0.0022145509719848633
7560,0.0022145509719848633
7561,0.0022145509719848633
7562,0.0022145509719848633
7563,0.0022145509719848633
7564,0.0022145509719848633
7565,0.0022145509719848633
7566,0.0022145509719848633
7567,0.0022145509719848633
7568,0.0022145509719848633
7569,0.0022145509719848633
7570,0.0022145509719848633
7571,0.0022145509719848633
7572,0.0022145509719848633
7573,0.0022145509719848633
7574,0.0022145509719848633
7575,0.0022145509719848633
7576,0.0022145509719848633
7577,0.0022145509719848633
7578,0.0022145509719848633
7579,0.0022145509719848633
7580,0.0022145509719848633
7581,0.0022145509719848633
7582,0.0022145509719848633
7583,0.0022145509719848633
7584,0.0022145509719848633
7585,0.0022145509719848633
7586,0.0022145509719848633
7587,0.0022145509719848633
7588,0.0022145509719848633
7589,0.0022145509719848633
7590,0.0022145509719848633
7591,0.0022145509719848633
7592,0.0022145509719848633
7593,0.0022145509719848633
7594,0.0022145509719848633
7595,0.0022145509719848633
7596,0.0022145509719848633
7597,0.0022145509719848633
7598,0.0022145509719848633
7599,0.0022145509719848633
7600,0.0022145509719848633
7601,0.0022145509719848633
7602,0.0022145509719848633
7603,0.0022145509719848633
7604,0.0022145509719848633
7605,0.0022145509719848633
7606,0.0022145509719848633
7607,0.0022145509719848633
7608,0.0022145509719848633
7609,0.0022145509719848633
7610,0.0022145509719848633
7611,0.0022145509719848633
7612,0.0022145509719848633
7613,0.0022145509719848633
7614,0.0022145509719848633
7615,0.0022145509719848633
7616,0.0022145509719848633
7617,0.0022145509719848633
7618,0.0022145509719848633
7619,0.0022145509719848633
7620,0.0022145509719848633
7621,0.0022145509719848633
7622,0.0022145509719848633
7623,0.0022145509719848633
7624,0.0022145509719848633
7625,0.0022145509719848633
7626,0.0022145509719848633
7627,0.0022145509719848633
7628,0.0022145509719848633
7629,0.0022145509719848633
7630,0.0022145509719848633
7631,0.0022145509719848633
7632,0.0022145509719848633
7633,0.0022145509719848633
7634,0.0022145509719848633
7635,0.0022145509719848633
7636,0.0022145509719848633
7637,0.0022145509719848633
7638,0.0022145509719848633
7639,0.0022145509719848633
7640,0.0022145509719848633
7641,0.0022145509719848633
7642,0.0022145509719848633
7643,0.0022145509719848633
7644,0.0022145509719848633
7645,0.0022145509719848633
7646,0.0022145509719848633
7647,0.0022145509719848633
7648,0.0022145509719848633
7649,0.0022145509719848633
7650,0.0022145509719848633
7651,0.0022145509719848633
7652,0.0022145509719848633
7653,0.0022145509719848633
7654,0.0022145509719848633
7655,0.0022145509719848633
7656,0.0022145509719848633
7657,0.0022145509719848633
7658,0.0022145509719848633
7659,0.0022145509719848633
7660,0.0022145509719848633
7661,0.0022145509719848633
7662,0.0022145509719848633
7663,0.0022145509719848633
7664,0.0022145509719848633
7665,0.0022145509719848633
7666,0.0022145509719848633
7667,0.0022145509719848633
7668,0.0022145509719848633
7669,0.0022145509719848633
7670,0.0022145509719848633
7671,0.0022145509719848633
7672,0.0022145509719848633
7673,0.0022145509719848633
7674,0.0022145509719848633
7675,0.0022145509719848633
7676,0.0022145509719848633
7677,0.0022145509719848633
7678,0.0022145509719848633
7679,0.0022145509719848633
7680,0.0022145509719848633
7681,0.0022145509719848633
7682,0.0022145509719848633
7683,0.0022145509719848633
7684,0.0022145509719848633
7685,0.0022145509719848633
7686,0.0022145509719848633
7687,0.0022145509719848633
7688,0.0022145509719848633
7689,0.0022145509719848633
7690,0.0022145509719848633
7691,0.0022145509719848633
7692,0.0022145509719848633
7693,0.0022145509719848633
7694,0.0022145509719848633
7695,0.0022145509719848633
7696,0.0022145509719848633
7697,0.0022145509719848633
7698,0.0022145509719848633
7699,0.0022145509719848633
7700,0.0022145509719848633
7701,0.0022145509719848633
7702,0.0022145509719848633
7703,0.0022145509719848633
7704,0.0022145509719848633
7705,0.0022145509719848633
7706,0.0022145509719848633
7707,0.0022145509719848633
7708,0.0022145509719848633
7709,0.0022145509719848633
7710,0.0022145509719848633
7711,0.0022145509719848633
7712,0.0022145509719848633
7713,0.0022145509719848633
7714,0.0022145509719848633
7715,0.0022145509719848633
7716,0.0022145509719848633
7717,0.0022145509719848633
7718,0.0022145509719848633
7719,0.0022145509719848633
7720,0.0022145509719848633
7721,0.0022145509719848633
7722,0.0022145509719848633
7723,0.0022145509719848633
7724,0.0022145509719848633
7725,0.0022145509719848633
7726,0.0022145509719848633
7727,0.0022145509719848633
7728,0.0022145509719848633
7729,0.0022145509719848633
7730,0.0022145509719848633
7731,0.0022145509719848633
7732,0.0022145509719848633
7733,0.0022145509719848633
7734,0.0022145509719848633
7735,0.0022145509719848633
7736,0.0022145509719848633
7737,0.0022145509719848633
7738,0.0022145509719848633
7739,0.0022145509719848633
7740,0.0022145509719848633
7741,0.0022145509719848633
7742,0.0022145509719848633
7743,0.0022145509719848633
7744,0.0022145509719848633
7745,0.0022145509719848633
7746,0.0022145509719848633
7747,0.0022145509719848633
7748,0.0022145509719848633
7749,0.0022145509719848633
7750,0.0022145509719848633
7751,0.0022145509719848633
7752,0.0022145509719848633
7753,0.0022145509719848633
7754,0.0022145509719848633
7755,0.0022145509719848633
7756,0.0022145509719848633
7757,0.0022145509719848633
7758,0.0022145509719848633
7759,0.0022145509719848633
7760,0.0022145509719848633
7761,0.0022145509719848633
7762,0.0022145509719848633
7763,0.0022145509719848633
7764,0.0022145509719848633
7765,0.0022145509719848633
7766,0.0022145509719848633
7767,0.0022145509719848633
7768,0.0022145509719848633
7769,0.0022145509719848633
7770,0.0022145509719848633
7771,0.0022145509719848633
7772,0.0022145509719848633
7773,0.0022145509719848633
7774,0.0022145509719848633
7775,0.0022145509719848633
7776,0.0022145509719848633
7777,0.0022145509719848633
7778,0.0022145509719848633
7779,0.0022145509719848633
7780,0.0022145509719848633
7781,0.0022145509719848633
7782,0.0022145509719848633
7783,0.0022145509719848633
7784,0.0022145509719848633
7785,0.0022145509719848633
7786,0.0022145509719848633
7787,0.0022145509719848633
7788,0.0022145509719848633
7789,0.0022145509719848633
7790,0.0022145509719848633
7791,0.0022145509719848633
7792,0.0022145509719848633
7793,0.0022145509719848633
7794,0.0022145509719848633
7795,0.0022145509719848633
7796,0.0022145509719848633
7797,0.0022145509719848633
7798,0.0022145509719848633
7799,0.0022145509719848633
7800,0.0022145509719848633
7801,0.0022145509719848633
7802,0.0022145509719848633
7803,0.0022145509719848633
7804,0.0022145509719848633
7805,0.0022145509719848633
7806,0.0022145509719848633
7807,0.0022145509719848633
7808,0.0022145509719848633
7809,0.0022145509719848633
7810,0.0022145509719848633
7811,0.0022145509719848633
7812,0.0022145509719848633
7813,0.0022145509719848633
7814,0.0022145509719848633
7815,0.0022145509719848633
7816,0.0022145509719848633
7817,0.0022145509719848633
7818,0.0022145509719848633
7819,0.0022145509719848633
7820,0.0022145509719848633
7821,0.0022145509719848633
7822,0.0022145509719848633
7823,0.0022145509719848633
7824,0.0022145509719848633
7825,0.0022145509719848633
7826,0.0022145509719848633
7827,0.0022145509719848633
7828,0.0022145509719848633
7829,0.0022145509719848633
7830,0.0022145509719848633
7831,0.0022145509719848633
7832,0.0022145509719848633
7833,0.0022145509719848633
7834,0.0022145509719848633
7835,0.0022145509719848633
7836,0.0022145509719848633
7837,0.0022145509719848633
7838,0.0022145509719848633
7839,0.0022145509719848633
7840,0.0022145509719848633
7841,0.0022145509719848633
7842,0.0022145509719848633
7843,0.0022145509719848633
7844,0.0022145509719848633
7845,0.0022145509719848633
7846,0.0022145509719848633
7847,0.0022145509719848633
7848,0.0022145509719848633
7849,0.0022145509719848633
7850,0.0022145509719848633
7851,0.0022145509719848633
7852,0.0022145509719848633
7853,0.0022145509719848633
7854,0.0022145509719848633
7855,0.0022145509719848633
7856,0.0022145509719848633
7857,0.0022145509719848633
7858,0.0022145509719848633
7859,0.0022145509719848633
7860,0.0022145509719848633
7861,0.0022145509719848633
7862,0.0022145509719848633
7863,0.0022145509719848633
7864,0.0022145509719848633
7865,0.0022145509719848633
7866,0.0022145509719848633
7867,0.0022145509719848633
7868,0.0022145509719848633
7869,0.0022145509719848633
7870,0.0022145509719848633
7871,0.0022145509719848633
7872,0.0022145509719848633
7873,0.0022145509719848633
7874,0.0022145509719848633
7875,0.0022145509719848633
7876,0.0022145509719848633
7877,0.0022145509719848633
7878,0.0022145509719848633
7879,0.0022145509719848633
7880,0.0022145509719848633
7881,0.0022145509719848633
7882,0.0022145509719848633
7883,0.0022145509719848633
7884,0.0022145509719848633
7885,0.0022145509719848633
7886,0.0022145509719848633
7887,0.0022145509719848633
7888,0.0022145509719848633
7889,0.0022145509719848633
7890,0.0022145509719848633
7891,0.0022145509719848633
7892,0.0022145509719848633
7893,0.0022145509719848633
7894,0.0022145509719848633
7895,0.0022145509719848633
7896,0.0022145509719848633
7897,0.0022145509719848633
7898,0.0022145509719848633
7899,0.0022145509719848633
7900,0.0022145509719848633
7901,0.0022145509719848633
7902,0.0022145509719848633
7903,0.0022145509719848633
7904,0.0022145509719848633
7905,0.0022145509719848633
7906,0.0022145509719848633
7907,0.0022145509719848633
7908,0.0022145509719848633
7909,0.0022145509719848633
7910,0.0022145509719848633
7911,0.0022145509719848633
7912,0.0022145509719848633
7913,0.0022145509719848633
7914,0.0022145509719848633
7915,0.0022145509719848633
7916,0.0022145509719848633
7917,0.0022145509719848633
7918,0.0022145509719848633
7919,0.0022145509719848633
7920,0.0022145509719848633
7921,0.0022145509719848633
7922,0.0022145509719848633
7923,0.0022145509719848633
7924,0.0022145509719848633
7925,0.0022145509719848633
7926,0.0022145509719848633
7927,0.0022145509719848633
7928,0.0022145509719848633
7929,0.0022145509719848633
7930,0.0022145509719848633
7931,0.0022145509719848633
7932,0.0022145509719848633
7933,0.0022145509719848633
7934,0.0022145509719848633
7935,0.0022145509719848633
7936,0.0022145509719848633
7937,0.0022145509719848633
7938,0.0022145509719848633
7939,0.0022145509719848633
7940,0.0022145509719848633
7941,0.0022145509719848633
7942,0.0022145509719848633
7943,0.0022145509719848633
7944,0.0022145509719848633
7945,0.0022145509719848633
7946,0.0022145509719848633
7947,0.0022145509719848633
7948,0.0022145509719848633
7949,0.0022145509719848633
7950,0.0022145509719848633
7951,0.0022145509719848633
7952,0.0022145509719848633
7953,0.0022145509719848633
7954,0.0022145509719848633
7955,0.0022145509719848633
7956,0.0022145509719848633
7957,0.0022145509719848633
7958,0.0022145509719848633
7959,0.0022145509719848633
7960,0.0022145509719848633
7961,0.0022145509719848633
7962,0.0022145509719848633
7963,0.0022145509719848633
7964,0.0022145509719848633
7965,0.0022145509719848633
7966,0.0022145509719848633
7967,0.0022145509719848633
7968,0.0022145509719848633
7969,0.0022145509719848633
7970,0.0022145509719848633
7971,0.0022145509719848633
7972,0.0022145509719848633
7973,0.0022145509719848633
7974,0.0022145509719848633
7975,0.0022145509719848633
7976,0.0022145509719848633
7977,0.0022145509719848633
7978,0.0022145509719848633
7979,0.0022145509719848633
7980,0.0022145509719848633
7981,0.0022145509719848633
7982,0.0022145509719848633
7983,0.0022145509719848633
7984,0.0022145509719848633
7985,0.0022145509719848633
7986,0.0022145509719848633
7987,0.0022145509719848633
7988,0.0022145509719848633
7989,0.0022145509719848633
7990,0.0022145509719848633
7991,0.0022145509719848633
7992,0.0022145509719848633
7993,0.0022145509719848633
7994,0.0022145509719848633
7995,0.0022145509719848633
7996,0.0022145509719848633
7997,0.0022145509719848633
7998,0.0022145509719848633
7999,0.0022145509719848633
8000,0.0022145509719848633
8001,0.0022145509719848633
8002,0.0022145509719848633
8003,0.0022145509719848633
8004,0.0022145509719848633
8005,0.0022145509719848633
8006,0.0022145509719848633
8007,0.0022145509719848633
8008,0.0022145509719848633
8009,0.0022145509719848633
8010,0.0022145509719848633
8011,0.0022145509719848633
8012,0.0022145509719848633
8013,0.0022145509719848633
8014,0.0022145509719848633
8015,0.0022145509719848633
8016,0.0022145509719848633
8017,0.0022145509719848633
8018,0.0022145509719848633
8019,0.0022145509719848633
8020,0.0022145509719848633
8021,0.0022145509719848633
8022,0.0022145509719848633
8023,0.0022145509719848633
8024,0.0022145509719848633
8025,0.0022145509719848633
8026,0.0022145509719848633
8027,0.0022145509719848633
8028,0.0022145509719848633
8029,0.0022145509719848633
8030,0.0022145509719848633
8031,0.0022145509719848633
8032,0.0022145509719848633
8033,0.0022145509719848633
8034,0.0022145509719848633
8035,0.0022145509719848633
8036,0.0022145509719848633
8037,0.0022145509719848633
8038,0.0022145509719848633
8039,0.0022145509719848633
8040,0.0022145509719848633
8041,0.0022145509719848633
8042,0.0022145509719848633
8043,0.0022145509719848633
8044,0.0022145509719848633
8045,0.0022145509719848633
8046,0.0022145509719848633
8047,0.0022145509719848633
8048,0.0022145509719848633
8049,0.0022145509719848633
8050,0.0022145509719848633
8051,0.0022145509719848633
8052,0.0022145509719848633
8053,0.0022145509719848633
8054,0.0022145509719848633
8055,0.0022145509719848633
8056,0.0022145509719848633
8057,0.0022145509719848633
8058,0.0022145509719848633
8059,0.0022145509719848633
8060,0.0022145509719848633
8061,0.0022145509719848633
8062,0.0022145509719848633
8063,0.0022145509719848633
8064,0.0022145509719848633
8065,0.0022145509719848633
8066,0.0022145509719848633
8067,0.0022145509719848633
8068,0.0022145509719848633
8069,0.0022145509719848633
8070,0.0022145509719848633
8071,0.0022145509719848633
8072,0.0022145509719848633
8073,0.0022145509719848633
8074,0.0022145509719848633
8075,0.0022145509719848633
8076,0.0022145509719848633
8077,0.0022145509719848633
8078,0.0022145509719848633
8079,0.0022145509719848633
8080,0.0022145509719848633
8081,0.0022145509719848633
8082,0.0022145509719848633
8083,0.0022145509719848633
8084,0.0022145509719848633
8085,0.0022145509719848633
8086,0.0022145509719848633
8087,0.0022145509719848633
8088,0.0022145509719848633
8089,0.0022145509719848633
8090,0.0022145509719848633
8091,0.0022145509719848633
8092,0.0022145509719848633
8093,0.0022145509719848633
8094,0.0022145509719848633
8095,0.0022145509719848633
8096,0.0022145509719848633
8097,0.0022145509719848633
8098,0.0022145509719848633
8099,0.0022145509719848633
8100,0.0022145509719848633
8101,0.0022145509719848633
8102,0.0022145509719848633
8103,0.0022145509719848633
8104,0.0022145509719848633
8105,0.0022145509719848633
8106,0.0022145509719848633
8107,0.0022145509719848633
8108,0.0022145509719848633
8109,0.0022145509719848633
8110,0.0022145509719848633
8111,0.0022145509719848633
8112,0.0022145509719848633
8113,0.0022145509719848633
8114,0.0022145509719848633
8115,0.0022145509719848633
8116,0.0022145509719848633
8117,0.0022145509719848633
8118,0.0022145509719848633
8119,0.0022145509719848633
8120,0.0022145509719848633
8121,0.0022145509719848633
8122,0.0022145509719848633
8123,0.0022145509719848633
8124,0.0022145509719848633
8125,0.0022145509719848633
8126,0.0022145509719848633
8127,0.0022145509719848633
8128,0.0022145509719848633
8129,0.0022145509719848633
8130,0.0022145509719848633
8131,0.0022145509719848633
8132,0.0022145509719848633
8133,0.0022145509719848633
8134,0.0022145509719848633
8135,0.0022145509719848633
8136,0.0022145509719848633
8137,0.0022145509719848633
8138,0.0022145509719848633
8139,0.0022145509719848633
8140,0.0022145509719848633
8141,0.0022145509719848633
8142,0.0022145509719848633
8143,0.0022145509719848633
8144,0.0022145509719848633
8145,0.0022145509719848633
8146,0.0022145509719848633
8147,0.0022145509719848633
8148,0.0022145509719848633
8149,0.0022145509719848633
8150,0.0022145509719848633
8151,0.0022145509719848633
8152,0.0022145509719848633
8153,0.0022145509719848633
8154,0.0022145509719848633
8155,0.0022145509719848633
8156,0.0022145509719848633
8157,0.0022145509719848633
8158,0.0022145509719848633
8159,0.0022145509719848633
8160,0.0022145509719848633
8161,0.0022145509719848633
8162,0.0022145509719848633
8163,0.0022145509719848633
8164,0.0022145509719848633
8165,0.0022145509719848633
8166,0.0022145509719848633
8167,0.0022145509719848633
8168,0.0022145509719848633
8169,0.0022145509719848633
8170,0.0022145509719848633
8171,0.0022145509719848633
8172,0.0022145509719848633
8173,0.0022145509719848633
8174,0.0022145509719848633
8175,0.0022145509719848633
8176,0.0022145509719848633
8177,0.0022145509719848633
8178,0.0022145509719848633
8179,0.0022145509719848633
8180,0.0022145509719848633
8181,0.0022145509719848633
8182,0.0022145509719848633
8183,0.0022145509719848633
8184,0.0022145509719848633
8185,0.0022145509719848633
8186,0.0022145509719848633
8187,0.0022145509719848633
8188,0.0022145509719848633
8189,0.0022145509719848633
8190,0.0022145509719848633
8191,0.0022145509719848633
8192,0.0022145509719848633
8193,0.0022145509719848633
8194,0.0022145509719848633
8195,0.0022145509719848633
8196,0.0022145509719848633
8197,0.0022145509719848633
8198,0.0022145509719848633
8199,0.0022145509719848633
8200,0.0022145509719848633
8201,0.0022145509719848633
8202,0.0022145509719848633
8203,0.0022145509719848633
8204,0.0022145509719848633
8205,0.0022145509719848633
8206,0.0022145509719848633
8207,0.0022145509719848633
8208,0.0022145509719848633
8209,0.0022145509719848633
8210,0.0022145509719848633
8211,0.0022145509719848633
8212,0.0022145509719848633
8213,0.0022145509719848633
8214,0.0022145509719848633
8215,0.0022145509719848633
8216,0.0022145509719848633
8217,0.0022145509719848633
8218,0.0022145509719848633
8219,0.0022145509719848633
8220,0.0022145509719848633
8221,0.0022145509719848633
8222,0.0022145509719848633
8223,0.0022145509719848633
8224,0.0022145509719848633
8225,0.0022145509719848633
8226,0.0022145509719848633
8227,0.0022145509719848633
8228,0.0022145509719848633
8229,0.0022145509719848633
8230,0.0022145509719848633
8231,0.0022145509719848633
8232,0.0022145509719848633
8233,0.0022145509719848633
8234,0.0022145509719848633
8235,0.0022145509719848633
8236,0.0022145509719848633
8237,0.0022145509719848633
8238,0.0022145509719848633
8239,0.0022145509719848633
8240,0.0022145509719848633
8241,0.0022145509719848633
8242,0.0022145509719848633
8243,0.0022145509719848633
8244,0.0022145509719848633
8245,0.0022145509719848633
8246,0.0022145509719848633
8247,0.0022145509719848633
8248,0.0022145509719848633
8249,0.0022145509719848633
8250,0.0022145509719848633
8251,0.0022145509719848633
8252,0.0022145509719848633
8253,0.0022145509719848633
8254,0.0022145509719848633
8255,0.0022145509719848633
8256,0.0022145509719848633
8257,0.0022145509719848633
8258,0.0022145509719848633
8259,0.0022145509719848633
8260,0.0022145509719848633
8261,0.0022145509719848633
8262,0.0022145509719848633
8263,0.0022145509719848633
8264,0.0022145509719848633
8265,0.0022145509719848633
8266,0.0022145509719848633
8267,0.0022145509719848633
8268,0.0022145509719848633
8269,0.0022145509719848633
8270,0.0022145509719848633
8271,0.0022145509719848633
8272,0.0022145509719848633
8273,0.0022145509719848633
8274,0.0022145509719848633
8275,0.0022145509719848633
8276,0.0022145509719848633
8277,0.0022145509719848633
8278,0.0022145509719848633
8279,0.0022145509719848633
8280,0.0022145509719848633
8281,0.0022145509719848633
8282,0.0022145509719848633
8283,0.0022145509719848633
8284,0.0022145509719848633
8285,0.0022145509719848633
8286,0.0022145509719848633
8287,0.0022145509719848633
8288,0.0022145509719848633
8289,0.0022145509719848633
8290,0.0022145509719848633
8291,0.0022145509719848633
8292,0.0022145509719848633
8293,0.0022145509719848633
8294,0.0022145509719848633
8295,0.0022145509719848633
8296,0.0022145509719848633
8297,0.0022145509719848633
8298,0.0022145509719848633
8299,0.0022145509719848633
8300,0.0022145509719848633
8301,0.0022145509719848633
8302,0.0022145509719848633
8303,0.0022145509719848633
8304,0.0022145509719848633
8305,0.0022145509719848633
8306,0.0022145509719848633
8307,0.0022145509719848633
8308,0.0022145509719848633
8309,0.0022145509719848633
8310,0.0022145509719848633
8311,0.0022145509719848633
8312,0.0022145509719848633
8313,0.0022145509719848633
8314,0.0022145509719848633
8315,0.0022145509719848633
8316,0.0022145509719848633
8317,0.0022145509719848633
8318,0.0022145509719848633
8319,0.0022145509719848633
8320,0.0022145509719848633
8321,0.0022145509719848633
8322,0.0022145509719848633
8323,0.0022145509719848633
8324,0.0022145509719848633
8325,0.0022145509719848633
8326,0.0022145509719848633
8327,0.0022145509719848633
8328,0.0022145509719848633
8329,0.0022145509719848633
8330,0.0022145509719848633
8331,0.0022145509719848633
8332,0.0022145509719848633
8333,0.0022145509719848633
8334,0.0022145509719848633
8335,0.0022145509719848633
8336,0.0022145509719848633
8337,0.0022145509719848633
8338,0.0022145509719848633
8339,0.0022145509719848633
8340,0.0022145509719848633
8341,0.0022145509719848633
8342,0.0022145509719848633
8343,0.0022145509719848633
8344,0.0022145509719848633
8345,0.0022145509719848633
8346,0.0022145509719848633
8347,0.0022145509719848633
8348,0.0022145509719848633
8349,0.0022145509719848633
8350,0.0022145509719848633
8351,0.0022145509719848633
8352,0.0022145509719848633
8353,0.0022145509719848633
8354,0.0022145509719848633
8355,0.0022145509719848633
8356,0.0022145509719848633
8357,0.0022145509719848633
8358,0.0022145509719848633
8359,0.0022145509719848633
8360,0.0022145509719848633
8361,0.0022145509719848633
8362,0.0022145509719848633
8363,0.0022145509719848633
8364,0.0022145509719848633
8365,0.0022145509719848633
8366,0.0022145509719848633
8367,0.0022145509719848633
8368,0.0022145509719848633
8369,0.0022145509719848633
8370,0.0022145509719848633
8371,0.0022145509719848633
8372,0.0022145509719848633
8373,0.0022145509719848633
8374,0.0022145509719848633
8375,0.0022145509719848633
8376,0.0022145509719848633
8377,0.0022145509719848633
8378,0.0022145509719848633
8379,0.0022145509719848633
8380,0.0022145509719848633
8381,0.0022145509719848633
8382,0.0022145509719848633
8383,0.0022145509719848633
8384,0.0022145509719848633
8385,0.0022145509719848633
8386,0.0022145509719848633
8387,0.0022145509719848633
8388,0.0022145509719848633
8389,0.0022145509719848633
8390,0.0022145509719848633
8391,0.0022145509719848633
8392,0.0022145509719848633
8393,0.0022145509719848633
8394,0.0022145509719848633
8395,0.0022145509719848633
8396,0.0022145509719848633
8397,0.0022145509719848633
8398,0.0022145509719848633
8399,0.0022145509719848633
8400,0.0022145509719848633
8401,0.0022145509719848633
8402,0.0022145509719848633
8403,0.0022145509719848633
8404,0.0022145509719848633
8405,0.0022145509719848633
8406,0.0022145509719848633
8407,0.0022145509719848633
8408,0.0022145509719848633
8409,0.0022145509719848633
8410,0.0022145509719848633
8411,0.0022145509719848633
8412,0.0022145509719848633
8413,0.0022145509719848633
8414,0.0022145509719848633
8415,0.0022145509719848633
8416,0.0022145509719848633
8417,0.0022145509719848633
8418,0.0022145509719848633
8419,0.0022145509719848633
8420,0.0022145509719848633
8421,0.0022145509719848633
8422,0.0022145509719848633
8423,0.0022145509719848633
8424,0.0022145509719848633
8425,0.0022145509719848633
8426,0.0022145509719848633
8427,0.0022145509719848633
8428,0.0022145509719848633
8429,0.0022145509719848633
8430,0.0022145509719848633
8431,0.0022145509719848633
8432,0.0022145509719848633
8433,0.0022145509719848633
8434,0.0022145509719848633
8435,0.0022145509719848633
8436,0.0022145509719848633
8437,0.0022145509719848633
8438,0.0022145509719848633
8439,0.0022145509719848633
8440,0.0022145509719848633
8441,0.0022145509719848633
8442,0.0022145509719848633
8443,0.0022145509719848633
8444,0.0022145509719848633
8445,0.0022145509719848633
8446,0.0022145509719848633
8447,0.0022145509719848633
8448,0.0022145509719848633
8449,0.0022145509719848633
8450,0.0022145509719848633
8451,0.0022145509719848633
8452,0.0022145509719848633
8453,0.0022145509719848633
8454,0.0022145509719848633
8455,0.0022145509719848633
8456,0.0022145509719848633
8457,0.0022145509719848633
8458,0.0022145509719848633
8459,0.0022145509719848633
8460,0.0022145509719848633
8461,0.0022145509719848633
8462,0.0022145509719848633
8463,0.0022145509719848633
8464,0.0022145509719848633
8465,0.0022145509719848633
8466,0.0022145509719848633
8467,0.0022145509719848633
8468,0.0022145509719848633
8469,0.0022145509719848633
8470,0.0022145509719848633
8471,0.0022145509719848633
8472,0.0022145509719848633
8473,0.0022145509719848633
8474,0.0022145509719848633
8475,0.0022145509719848633
8476,0.0022145509719848633
8477,0.0022145509719848633
8478,0.0022145509719848633
8479,0.0022145509719848633
8480,0.0022145509719848633
8481,0.0022145509719848633
8482,0.0022145509719848633
8483,0.0022145509719848633
8484,0.0022145509719848633
8485,0.0022145509719848633
8486,0.0022145509719848633
8487,0.0022145509719848633
8488,0.0022145509719848633
8489,0.0022145509719848633
8490,0.0022145509719848633
8491,0.0022145509719848633
8492,0.0022145509719848633
8493,0.0022145509719848633
8494,0.0022145509719848633
8495,0.0022145509719848633
8496,0.0022145509719848633
8497,0.0022145509719848633
8498,0.0022145509719848633
8499,0.0022145509719848633
8500,0.0022145509719848633
8501,0.0022145509719848633
8502,0.0022145509719848633
8503,0.0022145509719848633
8504,0.0022145509719848633
8505,0.0022145509719848633
8506,0.0022145509719848633
8507,0.0022145509719848633
8508,0.0022145509719848633
8509,0.0022145509719848633
8510,0.0022145509719848633
8511,0.0022145509719848633
8512,0.0022145509719848633
8513,0.0022145509719848633
8514,0.0022145509719848633
8515,0.0022145509719848633
8516,0.0022145509719848633
8517,0.0022145509719848633
8518,0.0022145509719848633
8519,0.0022145509719848633
8520,0.0022145509719848633
8521,0.0022145509719848633
8522,0.0022145509719848633
8523,0.0022145509719848633
8524,0.0022145509719848633
8525,0.0022145509719848633
8526,0.0022145509719848633
8527,0.0022145509719848633
8528,0.0022145509719848633
8529,0.0022145509719848633
8530,0.0022145509719848633
8531,0.0022145509719848633
8532,0.0022145509719848633
8533,0.0022145509719848633
8534,0.0022145509719848633
8535,0.0022145509719848633
8536,0.0022145509719848633
8537,0.0022145509719848633
8538,0.0022145509719848633
8539,0.0022145509719848633
8540,0.0022145509719848633
8541,0.0022145509719848633
8542,0.0022145509719848633
8543,0.0022145509719848633
8544,0.0022145509719848633
8545,0.0022145509719848633
8546,0.0022145509719848633
8547,0.0022145509719848633
8548,0.0022145509719848633
8549,0.0022145509719848633
8550,0.0022145509719848633
8551,0.0022145509719848633
8552,0.0022145509719848633
8553,0.0022145509719848633
8554,0.0022145509719848633
8555,0.0022145509719848633
8556,0.0022145509719848633
8557,0.0022145509719848633
8558,0.0022145509719848633
8559,0.0022145509719848633
8560,0.0022145509719848633
8561,0.0022145509719848633
8562,0.0022145509719848633
8563,0.0022145509719848633
8564,0.0022145509719848633
8565,0.0022145509719848633
8566,0.0022145509719848633
8567,0.0022145509719848633
8568,0.0022145509719848633
8569,0.0022145509719848633
8570,0.0022145509719848633
8571,0.0022145509719848633
8572,0.0022145509719848633
8573,0.0022145509719848633
8574,0.0022145509719848633
8575,0.0022145509719848633
8576,0.0022145509719848633
8577,0.0022145509719848633
8578,0.0022145509719848633
8579,0.0022145509719848633
8580,0.0022145509719848633
8581,0.0022145509719848633
8582,0.0022145509719848633
8583,0.0022145509719848633
8584,0.0022145509719848633
8585,0.0022145509719848633
8586,0.0022145509719848633
8587,0.0022145509719848633
8588,0.0022145509719848633
8589,0.0022145509719848633
8590,0.0022145509719848633
8591,0.0022145509719848633
8592,0.0022145509719848633
8593,0.0022145509719848633
8594,0.0022145509719848633
8595,0.0022145509719848633
8596,0.0022145509719848633
8597,0.0022145509719848633
8598,0.0022145509719848633
8599,0.0022145509719848633
8600,0.0022145509719848633
8601,0.0022145509719848633
8602,0.0022145509719848633
8603,0.0022145509719848633
8604,0.0022145509719848633
8605,0.0022145509719848633
8606,0.0022145509719848633
8607,0.0022145509719848633
8608,0.0022145509719848633
8609,0.0022145509719848633
8610,0.0022145509719848633
8611,0.0022145509719848633
8612,0.0022145509719848633
8613,0.0022145509719848633
8614,0.0022145509719848633
8615,0.0022145509719848633
8616,0.0022145509719848633
8617,0.0022145509719848633
8618,0.0022145509719848633
8619,0.0022145509719848633
8620,0.0022145509719848633
8621,0.0022145509719848633
8622,0.0022145509719848633
8623,0.0022145509719848633
8624,0.0022145509719848633
8625,0.0022145509719848633
8626,0.0022145509719848633
8627,0.0022145509719848633
8628,0.0022145509719848633
8629,0.0022145509719848633
8630,0.0022145509719848633
8631,0.0022145509719848633
8632,0.0022145509719848633
8633,0.0022145509719848633
8634,0.0022145509719848633
8635,0.0022145509719848633
8636,0.0022145509719848633
8637,0.0022145509719848633
8638,0.0022145509719848633
8639,0.0022145509719848633
8640,0.0022145509719848633
8641,0.0022145509719848633
8642,0.0022145509719848633
8643,0.0022145509719848633
8644,0.0022145509719848633
8645,0.0022145509719848633
8646,0.0022145509719848633
8647,0.0022145509719848633
8648,0.0022145509719848633
8649,0.0022145509719848633
8650,0.0022145509719848633
8651,0.0022145509719848633
8652,0.0022145509719848633
8653,0.0022145509719848633
8654,0.0022145509719848633
8655,0.0022145509719848633
8656,0.0022145509719848633
8657,0.0022145509719848633
8658,0.0022145509719848633
8659,0.0022145509719848633
8660,0.0022145509719848633
8661,0.0022145509719848633
8662,0.0022145509719848633
8663,0.0022145509719848633
8664,0.0022145509719848633
8665,0.0022145509719848633
8666,0.0022145509719848633
8667,0.0022145509719848633
8668,0.0022145509719848633
8669,0.0022145509719848633
8670,0.0022145509719848633
8671,0.0022145509719848633
8672,0.0022145509719848633
8673,0.0022145509719848633
8674,0.0022145509719848633
8675,0.0022145509719848633
8676,0.0022145509719848633
8677,0.0022145509719848633
8678,0.0022145509719848633
8679,0.0022145509719848633
8680,0.0022145509719848633
8681,0.0022145509719848633
8682,0.0022145509719848633
8683,0.0022145509719848633
8684,0.0022145509719848633
8685,0.0022145509719848633
8686,0.0022145509719848633
8687,0.0022145509719848633
8688,0.0022145509719848633
8689,0.0022145509719848633
8690,0.0022145509719848633
8691,0.0022145509719848633
8692,0.0022145509719848633
8693,0.0022145509719848633
8694,0.0022145509719848633
8695,0.0022145509719848633
8696,0.0022145509719848633
8697,0.0022145509719848633
8698,0.0022145509719848633
8699,0.0022145509719848633
8700,0.0022145509719848633
8701,0.0022145509719848633
8702,0.0022145509719848633
8703,0.0022145509719848633
8704,0.0022145509719848633
8705,0.0022145509719848633
8706,0.0022145509719848633
8707,0.0022145509719848633
8708,0.0022145509719848633
8709,0.0022145509719848633
8710,0.0022145509719848633
8711,0.0022145509719848633
8712,0.0022145509719848633
8713,0.0022145509719848633
8714,0.0022145509719848633
8715,0.0022145509719848633
8716,0.0022145509719848633
8717,0.0022145509719848633
8718,0.0022145509719848633
8719,0.0022145509719848633
8720,0.0022145509719848633
8721,0.0022145509719848633
8722,0.0022145509719848633
8723,0.0022145509719848633
8724,0.0022145509719848633
8725,0.0022145509719848633
8726,0.0022145509719848633
8727,0.0022145509719848633
8728,0.0022145509719848633
8729,0.0022145509719848633
8730,0.0022145509719848633
8731,0.0022145509719848633
8732,0.0022145509719848633
8733,0.0022145509719848633
8734,0.0022145509719848633
8735,0.0022145509719848633
8736,0.0022145509719848633
8737,0.0022145509719848633
8738,0.0022145509719848633
8739,0.0022145509719848633
8740,0.0022145509719848633
8741,0.0022145509719848633
8742,0.0022145509719848633
8743,0.0022145509719848633
8744,0.0022145509719848633
8745,0.0022145509719848633
8746,0.0022145509719848633
8747,0.0022145509719848633
8748,0.0022145509719848633
8749,0.0022145509719848633
8750,0.0022145509719848633
8751,0.0022145509719848633
8752,0.0022145509719848633
8753,0.0022145509719848633
8754,0.0022145509719848633
8755,0.0022145509719848633
8756,0.0022145509719848633
8757,0.0022145509719848633
8758,0.0022145509719848633
8759,0.0022145509719848633
8760,0.0022145509719848633
8761,0.0022145509719848633
8762,0.0022145509719848633
8763,0.0022145509719848633
8764,0.0022145509719848633
8765,0.0022145509719848633
8766,0.0022145509719848633
8767,0.0022145509719848633
8768,0.0022145509719848633
8769,0.0022145509719848633
8770,0.0022145509719848633
8771,0.0022145509719848633
8772,0.0022145509719848633
8773,0.0022145509719848633
8774,0.0022145509719848633
8775,0.0022145509719848633
8776,0.0022145509719848633
8777,0.0022145509719848633
8778,0.0022145509719848633
8779,0.0022145509719848633
8780,0.0022145509719848633
8781,0.0022145509719848633
8782,0.0022145509719848633
8783,0.0022145509719848633
8784,0.0022145509719848633
8785,0.0022145509719848633
8786,0.0022145509719848633
8787,0.0022145509719848633
8788,0.0022145509719848633
8789,0.0022145509719848633
8790,0.0022145509719848633
8791,0.0022145509719848633
8792,0.0022145509719848633
8793,0.0022145509719848633
8794,0.0022145509719848633
8795,0.0022145509719848633
8796,0.0022145509719848633
8797,0.0022145509719848633
8798,0.0022145509719848633
8799,0.0022145509719848633
8800,0.0022145509719848633
8801,0.0022145509719848633
8802,0.0022145509719848633
8803,0.0022145509719848633
8804,0.0022145509719848633
8805,0.0022145509719848633
8806,0.0022145509719848633
8807,0.0022145509719848633
8808,0.0022145509719848633
8809,0.0022145509719848633
8810,0.0022145509719848633
8811,0.0022145509719848633
8812,0.0022145509719848633
8813,0.0022145509719848633
8814,0.0022145509719848633
8815,0.0022145509719848633
8816,0.0022145509719848633
8817,0.0022145509719848633
8818,0.0022145509719848633
8819,0.0022145509719848633
8820,0.0022145509719848633
8821,0.0022145509719848633
8822,0.0022145509719848633
8823,0.0022145509719848633
8824,0.0022145509719848633
8825,0.0022145509719848633
8826,0.0022145509719848633
8827,0.0022145509719848633
8828,0.0022145509719848633
8829,0.0022145509719848633
8830,0.0022145509719848633
8831,0.0022145509719848633
8832,0.0022145509719848633
8833,0.0022145509719848633
8834,0.0022145509719848633
8835,0.0022145509719848633
8836,0.0022145509719848633
8837,0.0022145509719848633
8838,0.0022145509719848633
8839,0.0022145509719848633
8840,0.0022145509719848633
8841,0.0022145509719848633
8842,0.0022145509719848633
8843,0.0022145509719848633
8844,0.0022145509719848633
8845,0.0022145509719848633
8846,0.0022145509719848633
8847,0.0022145509719848633
8848,0.0022145509719848633
8849,0.0022145509719848633
8850,0.0022145509719848633
8851,0.0022145509719848633
8852,0.0022145509719848633
8853,0.0022145509719848633
8854,0.0022145509719848633
8855,0.0022145509719848633
8856,0.0022145509719848633
8857,0.0022145509719848633
8858,0.0022145509719848633
8859,0.0022145509719848633
8860,0.0022145509719848633
8861,0.0022145509719848633
8862,0.0022145509719848633
8863,0.0022145509719848633
8864,0.0022145509719848633
8865,0.0022145509719848633
8866,0.0022145509719848633
8867,0.0022145509719848633
8868,0.0022145509719848633
8869,0.0022145509719848633
8870,0.0022145509719848633
8871,0.0022145509719848633
8872,0.0022145509719848633
8873,0.0022145509719848633
8874,0.0022145509719848633
8875,0.0022145509719848633
8876,0.0022145509719848633
8877,0.0022145509719848633
8878,0.0022145509719848633
8879,0.0022145509719848633
8880,0.0022145509719848633
8881,0.0022145509719848633
8882,0.0022145509719848633
8883,0.0022145509719848633
8884,0.0022145509719848633
8885,0.0022145509719848633
8886,0.0022145509719848633
8887,0.0022145509719848633
8888,0.0022145509719848633
8889,0.0022145509719848633
8890,0.0022145509719848633
8891,0.0022145509719848633
8892,0.0022145509719848633
8893,0.0022145509719848633
8894,0.0022145509719848633
8895,0.0022145509719848633
8896,0.0022145509719848633
8897,0.0022145509719848633
8898,0.0022145509719848633
8899,0.0022145509719848633
8900,0.0022145509719848633
8901,0.0022145509719848633
8902,0.0022145509719848633
8903,0.0022145509719848633
8904,0.0022145509719848633
8905,0.0022145509719848633
8906,0.0022145509719848633
8907,0.0022145509719848633
8908,0.0022145509719848633
8909,0.0022145509719848633
8910,0.0022145509719848633
8911,0.0022145509719848633
8912,0.0022145509719848633
8913,0.0022145509719848633
8914,0.0022145509719848633
8915,0.0022145509719848633
8916,0.0022145509719848633
8917,0.0022145509719848633
8918,0.0022145509719848633
8919,0.0022145509719848633
8920,0.0022145509719848633
8921,0.0022145509719848633
8922,0.0022145509719848633
8923,0.0022145509719848633
8924,0.0022145509719848633
8925,0.0022145509719848633
8926,0.0022145509719848633
8927,0.0022145509719848633
8928,0.0022145509719848633
8929,0.0022145509719848633
8930,0.0022145509719848633
8931,0.0022145509719848633
8932,0.0022145509719848633
8933,0.0022145509719848633
8934,0.0022145509719848633
8935,0.0022145509719848633
8936,0.0022145509719848633
8937,0.0022145509719848633
8938,0.0022145509719848633
8939,0.0022145509719848633
8940,0.0022145509719848633
8941,0.0022145509719848633
8942,0.0022145509719848633
8943,0.0022145509719848633
8944,0.0022145509719848633
8945,0.0022145509719848633
8946,0.0022145509719848633
8947,0.0022145509719848633
8948,0.0022145509719848633
8949,0.0022145509719848633
8950,0.0022145509719848633
8951,0.0022145509719848633
8952,0.0022145509719848633
8953,0.0022145509719848633
8954,0.0022145509719848633
8955,0.0022145509719848633
8956,0.0022145509719848633
8957,0.0022145509719848633
8958,0.0022145509719848633
8959,0.0022145509719848633
8960,0.0022145509719848633
8961,0.0022145509719848633
8962,0.0022145509719848633
8963,0.0022145509719848633
8964,0.0022145509719848633
8965,0.0022145509719848633
8966,0.0022145509719848633
8967,0.0022145509719848633
8968,0.0022145509719848633
8969,0.0022145509719848633
8970,0.0022145509719848633
8971,0.0022145509719848633
8972,0.0022145509719848633
8973,0.0022145509719848633
8974,0.0022145509719848633
8975,0.0022145509719848633
8976,0.0022145509719848633
8977,0.0022145509719848633
8978,0.0022145509719848633
8979,0.0022145509719848633
8980,0.0022145509719848633
8981,0.0022145509719848633
8982,0.0022145509719848633
8983,0.0022145509719848633
8984,0.0022145509719848633
8985,0.0022145509719848633
8986,0.0022145509719848633
8987,0.0022145509719848633
8988,0.0022145509719848633
8989,0.0022145509719848633
8990,0.0022145509719848633
8991,0.0022145509719848633
8992,0.0022145509719848633
8993,0.0022145509719848633
8994,0.0022145509719848633
8995,0.0022145509719848633
8996,0.0022145509719848633
8997,0.0022145509719848633
8998,0.0022145509719848633
8999,0.0022145509719848633
9000,0.0022145509719848633
9001,0.0022145509719848633
9002,0.0022145509719848633
9003,0.0022145509719848633
9004,0.0022145509719848633
9005,0.0022145509719848633
9006,0.0022145509719848633
9007,0.0022145509719848633
9008,0.0022145509719848633
9009,0.0022145509719848633
9010,0.0022145509719848633
9011,0.0022145509719848633
9012,0.0022145509719848633
9013,0.0022145509719848633
9014,0.0022145509719848633
9015,0.0022145509719848633
9016,0.0022145509719848633
9017,0.0022145509719848633
9018,0.0022145509719848633
9019,0.0022145509719848633
9020,0.0022145509719848633
9021,0.0022145509719848633
9022,0.0022145509719848633
9023,0.0022145509719848633
9024,0.0022145509719848633
9025,0.0022145509719848633
9026,0.0022145509719848633
9027,0.0022145509719848633
9028,0.0022145509719848633
9029,0.0022145509719848633
9030,0.0022145509719848633
9031,0.0022145509719848633
9032,0.0022145509719848633
9033,0.0022145509719848633
9034,0.0022145509719848633
9035,0.0022145509719848633
9036,0.0022145509719848633
9037,0.0022145509719848633
9038,0.0022145509719848633
9039,0.0022145509719848633
9040,0.0022145509719848633
9041,0.0022145509719848633
9042,0.0022145509719848633
9043,0.0022145509719848633
9044,0.0022145509719848633
9045,0.0022145509719848633
9046,0.0022145509719848633
9047,0.0022145509719848633
9048,0.0022145509719848633
9049,0.0022145509719848633
9050,0.0022145509719848633
9051,0.0022145509719848633
9052,0.0022145509719848633
9053,0.0022145509719848633
9054,0.0022145509719848633
9055,0.0022145509719848633
9056,0.0022145509719848633
9057,0.0022145509719848633
9058,0.0022145509719848633
9059,0.0022145509719848633
9060,0.0022145509719848633
9061,0.0022145509719848633
9062,0.0022145509719848633
9063,0.0022145509719848633
9064,0.0022145509719848633
9065,0.0022145509719848633
9066,0.0022145509719848633
9067,0.0022145509719848633
9068,0.0022145509719848633
9069,0.0022145509719848633
9070,0.0022145509719848633
9071,0.0022145509719848633
9072,0.0022145509719848633
9073,0.0022145509719848633
9074,0.0022145509719848633
9075,0.0022145509719848633
9076,0.0022145509719848633
9077,0.0022145509719848633
9078,0.0022145509719848633
9079,0.0022145509719848633
9080,0.0022145509719848633
9081,0.0022145509719848633
9082,0.0022145509719848633
9083,0.0022145509719848633
9084,0.0022145509719848633
9085,0.0022145509719848633
9086,0.0022145509719848633
9087,0.0022145509719848633
9088,0.0022145509719848633
9089,0.0022145509719848633
9090,0.0022145509719848633
9091,0.0022145509719848633
9092,0.0022145509719848633
9093,0.0022145509719848633
9094,0.0022145509719848633
9095,0.0022145509719848633
9096,0.0022145509719848633
9097,0.0022145509719848633
9098,0.0022145509719848633
9099,0.0022145509719848633
9100,0.0022145509719848633
9101,0.0022145509719848633
9102,0.0022145509719848633
9103,0.0022145509719848633
9104,0.0022145509719848633
9105,0.0022145509719848633
9106,0.0022145509719848633
9107,0.0022145509719848633
9108,0.0022145509719848633
9109,0.0022145509719848633
9110,0.0022145509719848633
9111,0.0022145509719848633
9112,0.0022145509719848633
9113,0.0022145509719848633
9114,0.0022145509719848633
9115,0.0022145509719848633
9116,0.0022145509719848633
9117,0.0022145509719848633
9118,0.0022145509719848633
9119,0.0022145509719848633
9120,0.0022145509719848633
9121,0.0022145509719848633
9122,0.0022145509719848633
9123,0.0022145509719848633
9124,0.0022145509719848633
9125,0.0022145509719848633
9126,0.0022145509719848633
9127,0.0022145509719848633
9128,0.0022145509719848633
9129,0.0022145509719848633
9130,0.0022145509719848633
9131,0.0022145509719848633
9132,0.0022145509719848633
9133,0.0022145509719848633
9134,0.0022145509719848633
9135,0.0022145509719848633
9136,0.0022145509719848633
9137,0.0022145509719848633
9138,0.0022145509719848633
9139,0.0022145509719848633
9140,0.0022145509719848633
9141,0.0022145509719848633
9142,0.0022145509719848633
9143,0.0022145509719848633
9144,0.0022145509719848633
9145,0.0022145509719848633
9146,0.0022145509719848633
9147,0.0022145509719848633
9148,0.0022145509719848633
9149,0.0022145509719848633
9150,0.0022145509719848633
9151,0.0022145509719848633
9152,0.0022145509719848633
9153,0.0022145509719848633
9154,0.0022145509719848633
9155,0.0022145509719848633
9156,0.0022145509719848633
9157,0.0022145509719848633
9158,0.0022145509719848633
9159,0.0022145509719848633
9160,0.0022145509719848633
9161,0.0022145509719848633
9162,0.0022145509719848633
9163,0.0022145509719848633
9164,0.0022145509719848633
9165,0.0022145509719848633
9166,0.0022145509719848633
9167,0.0022145509719848633
9168,0.0022145509719848633
9169,0.0022145509719848633
9170,0.0022145509719848633
9171,0.0022145509719848633
9172,0.0022145509719848633
9173,0.0022145509719848633
9174,0.0022145509719848633
9175,0.0022145509719848633
9176,0.0022145509719848633
9177,0.0022145509719848633
9178,0.0022145509719848633
9179,0.0022145509719848633
9180,0.0022145509719848633
9181,0.0022145509719848633
9182,0.0022145509719848633
9183,0.0022145509719848633
9184,0.0022145509719848633
9185,0.0022145509719848633
9186,0.0022145509719848633
9187,0.0022145509719848633
9188,0.0022145509719848633
9189,0.0022145509719848633
9190,0.0022145509719848633
9191,0.0022145509719848633
9192,0.0022145509719848633
9193,0.0022145509719848633
9194,0.0022145509719848633
9195,0.0022145509719848633
9196,0.0022145509719848633
9197,0.0022145509719848633
9198,0.0022145509719848633
9199,0.0022145509719848633
9200,0.0022145509719848633
9201,0.0022145509719848633
9202,0.0022145509719848633
9203,0.0022145509719848633
9204,0.0022145509719848633
9205,0.0022145509719848633
9206,0.0022145509719848633
9207,0.0022145509719848633
9208,0.0022145509719848633
9209,0.0022145509719848633
9210,0.0022145509719848633
9211,0.0022145509719848633
9212,0.0022145509719848633
9213,0.0022145509719848633
9214,0.0022145509719848633
9215,0.0022145509719848633
9216,0.0022145509719848633
9217,0.0022145509719848633
9218,0.0022145509719848633
9219,0.0022145509719848633
9220,0.0022145509719848633
9221,0.0022145509719848633
9222,0.0022145509719848633
9223,0.0022145509719848633
9224,0.0022145509719848633
9225,0.0022145509719848633
9226,0.0022145509719848633
9227,0.0022145509719848633
9228,0.0022145509719848633
9229,0.0022145509719848633
9230,0.0022145509719848633
9231,0.0022145509719848633
9232,0.0022145509719848633
9233,0.0022145509719848633
9234,0.0022145509719848633
9235,0.0022145509719848633
9236,0.0022145509719848633
9237,0.0022145509719848633
9238,0.0022145509719848633
9239,0.0022145509719848633
9240,0.0022145509719848633
9241,0.0022145509719848633
9242,0.0022145509719848633
9243,0.0022145509719848633
9244,0.0022145509719848633
9245,0.0022145509719848633
9246,0.0022145509719848633
9247,0.0022145509719848633
9248,0.0022145509719848633
9249,0.0022145509719848633
9250,0.0022145509719848633
9251,0.0022145509719848633
9252,0.0022145509719848633
9253,0.0022145509719848633
9254,0.0022145509719848633
9255,0.0022145509719848633
9256,0.0022145509719848633
9257,0.0022145509719848633
9258,0.0022145509719848633
9259,0.0022145509719848633
9260,0.0022145509719848633
9261,0.0022145509719848633
9262,0.0022145509719848633
9263,0.0022145509719848633
9264,0.0022145509719848633
9265,0.0022145509719848633
9266,0.0022145509719848633
9267,0.0022145509719848633
9268,0.0022145509719848633
9269,0.0022145509719848633
9270,0.0022145509719848633
9271,0.0022145509719848633
9272,0.0022145509719848633
9273,0.0022145509719848633
9274,0.0022145509719848633
9275,0.0022145509719848633
9276,0.0022145509719848633
9277,0.0022145509719848633
9278,0.0022145509719848633
9279,0.0022145509719848633
9280,0.0022145509719848633
9281,0.0022145509719848633
9282,0.0022145509719848633
9283,0.0022145509719848633
9284,0.0022145509719848633
9285,0.0022145509719848633
9286,0.0022145509719848633
9287,0.0022145509719848633
9288,0.0022145509719848633
9289,0.0022145509719848633
9290,0.0022145509719848633
9291,0.0022145509719848633
9292,0.0022145509719848633
9293,0.0022145509719848633
9294,0.0022145509719848633
9295,0.0022145509719848633
9296,0.0022145509719848633
9297,0.0022145509719848633
9298,0.0022145509719848633
9299,0.0022145509719848633
9300,0.0022145509719848633
9301,0.0022145509719848633
9302,0.0022145509719848633
9303,0.0022145509719848633
9304,0.0022145509719848633
9305,0.0022145509719848633
9306,0.0022145509719848633
9307,0.0022145509719848633
9308,0.0022145509719848633
9309,0.0022145509719848633
9310,0.0022145509719848633
9311,0.0022145509719848633
9312,0.0022145509719848633
9313,0.0022145509719848633
9314,0.0022145509719848633
9315,0.0022145509719848633
9316,0.0022145509719848633
9317,0.0022145509719848633
9318,0.0022145509719848633
9319,0.0022145509719848633
9320,0.0022145509719848633
9321,0.0022145509719848633
9322,0.0022145509719848633
9323,0.0022145509719848633
9324,0.0022145509719848633
9325,0.0022145509719848633
9326,0.0022145509719848633
9327,0.0022145509719848633
9328,0.0022145509719848633
9329,0.0022145509719848633
9330,0.0022145509719848633
9331,0.0022145509719848633
9332,0.0022145509719848633
9333,0.0022145509719848633
9334,0.0022145509719848633
9335,0.0022145509719848633
9336,0.0022145509719848633
9337,0.0022145509719848633
9338,0.0022145509719848633
9339,0.0022145509719848633
9340,0.0022145509719848633
9341,0.0022145509719848633
9342,0.0022145509719848633
9343,0.0022145509719848633
9344,0.0022145509719848633
9345,0.0022145509719848633
9346,0.0022145509719848633
9347,0.0022145509719848633
9348,0.0022145509719848633
9349,0.0022145509719848633
9350,0.0022145509719848633
9351,0.0022145509719848633
9352,0.0022145509719848633
9353,0.0022145509719848633
9354,0.0022145509719848633
9355,0.0022145509719848633
9356,0.0022145509719848633
9357,0.0022145509719848633
9358,0.0022145509719848633
9359,0.0022145509719848633
9360,0.0022145509719848633
9361,0.0022145509719848633
9362,0.0022145509719848633
9363,0.0022145509719848633
9364,0.0022145509719848633
9365,0.0022145509719848633
9366,0.0022145509719848633
9367,0.0022145509719848633
9368,0.0022145509719848633
9369,0.0022145509719848633
9370,0.0022145509719848633
9371,0.0022145509719848633
9372,0.0022145509719848633
9373,0.0022145509719848633
9374,0.0022145509719848633
9375,0.0022145509719848633
9376,0.0022145509719848633
9377,0.0022145509719848633
9378,0.0022145509719848633
9379,0.0022145509719848633
9380,0.0022145509719848633
9381,0.0022145509719848633
9382,0.0022145509719848633
9383,0.0022145509719848633
9384,0.0022145509719848633
9385,0.0022145509719848633
9386,0.0022145509719848633
9387,0.0022145509719848633
9388,0.0022145509719848633
9389,0.0022145509719848633
9390,0.0022145509719848633
9391,0.0022145509719848633
9392,0.0022145509719848633
9393,0.0022145509719848633
9394,0.0022145509719848633
9395,0.0022145509719848633
9396,0.0022145509719848633
9397,0.0022145509719848633
9398,0.0022145509719848633
9399,0.0022145509719848633
9400,0.0022145509719848633
9401,0.0022145509719848633
9402,0.0022145509719848633
9403,0.0022145509719848633
9404,0.0022145509719848633
9405,0.0022145509719848633
9406,0.0022145509719848633
9407,0.0022145509719848633
9408,0.0022145509719848633
9409,0.0022145509719848633
9410,0.0022145509719848633
9411,0.0022145509719848633
9412,0.0022145509719848633
9413,0.0022145509719848633
9414,0.0022145509719848633
9415,0.0022145509719848633
9416,0.0022145509719848633
9417,0.0022145509719848633
9418,0.0022145509719848633
9419,0.0022145509719848633
9420,0.0022145509719848633
9421,0.0022145509719848633
9422,0.0022145509719848633
9423,0.0022145509719848633
9424,0.0022145509719848633
9425,0.0022145509719848633
9426,0.0022145509719848633
9427,0.0022145509719848633
9428,0.0022145509719848633
9429,0.0022145509719848633
9430,0.0022145509719848633
9431,0.0022145509719848633
9432,0.0022145509719848633
9433,0.0022145509719848633
9434,0.0022145509719848633
9435,0.0022145509719848633
9436,0.0022145509719848633
9437,0.0022145509719848633
9438,0.0022145509719848633
9439,0.0022145509719848633
9440,0.0022145509719848633
9441,0.0022145509719848633
9442,0.0022145509719848633
9443,0.0022145509719848633
9444,0.0022145509719848633
9445,0.0022145509719848633
9446,0.0022145509719848633
9447,0.0022145509719848633
9448,0.0022145509719848633
9449,0.0022145509719848633
9450,0.0022145509719848633
9451,0.0022145509719848633
9452,0.0022145509719848633
9453,0.0022145509719848633
9454,0.0022145509719848633
9455,0.0022145509719848633
9456,0.0022145509719848633
9457,0.0022145509719848633
9458,0.0022145509719848633
9459,0.0022145509719848633
9460,0.0022145509719848633
9461,0.0022145509719848633
9462,0.0022145509719848633
9463,0.0022145509719848633
9464,0.0022145509719848633
9465,0.0022145509719848633
9466,0.0022145509719848633
9467,0.0022145509719848633
9468,0.0022145509719848633
9469,0.0022145509719848633
9470,0.0022145509719848633
9471,0.0022145509719848633
9472,0.0022145509719848633
9473,0.0022145509719848633
9474,0.0022145509719848633
9475,0.0022145509719848633
9476,0.0022145509719848633
9477,0.0022145509719848633
9478,0.0022145509719848633
9479,0.0022145509719848633
9480,0.0022145509719848633
9481,0.0022145509719848633
9482,0.0022145509719848633
9483,0.0022145509719848633
9484,0.0022145509719848633
9485,0.0022145509719848633
9486,0.0022145509719848633
9487,0.0022145509719848633
9488,0.0022145509719848633
9489,0.0022145509719848633
9490,0.0022145509719848633
9491,0.0022145509719848633
9492,0.0022145509719848633
9493,0.0022145509719848633
9494,0.0022145509719848633
9495,0.0022145509719848633
9496,0.0022145509719848633
9497,0.0022145509719848633
9498,0.0022145509719848633
9499,0.0022145509719848633
9500,0.0022145509719848633
9501,0.0022145509719848633
9502,0.0022145509719848633
9503,0.0022145509719848633
9504,0.0022145509719848633
9505,0.0022145509719848633
9506,0.0022145509719848633
9507,0.0022145509719848633
9508,0.0022145509719848633
9509,0.0022145509719848633
9510,0.0022145509719848633
9511,0.0022145509719848633
9512,0.0022145509719848633
9513,0.0022145509719848633
9514,0.0022145509719848633
9515,0.0022145509719848633
9516,0.0022145509719848633
9517,0.0022145509719848633
9518,0.0022145509719848633
9519,0.0022145509719848633
9520,0.0022145509719848633
9521,0.0022145509719848633
9522,0.0022145509719848633
9523,0.0022145509719848633
9524,0.0022145509719848633
9525,0.0022145509719848633
9526,0.0022145509719848633
9527,0.0022145509719848633
9528,0.0022145509719848633
9529,0.0022145509719848633
9530,0.0022145509719848633
9531,0.0022145509719848633
9532,0.0022145509719848633
9533,0.0022145509719848633
9534,0.0022145509719848633
9535,0.0022145509719848633
9536,0.0022145509719848633
9537,0.0022145509719848633
9538,0.0022145509719848633
9539,0.0022145509719848633
9540,0.0022145509719848633
9541,0.0022145509719848633
9542,0.0022145509719848633
9543,0.0022145509719848633
9544,0.0022145509719848633
9545,0.0022145509719848633
9546,0.0022145509719848633
9547,0.0022145509719848633
9548,0.0022145509719848633
9549,0.0022145509719848633
9550,0.0022145509719848633
9551,0.0022145509719848633
9552,0.0022145509719848633
9553,0.0022145509719848633
9554,0.0022145509719848633
9555,0.0022145509719848633
9556,0.0022145509719848633
9557,0.0022145509719848633
9558,0.0022145509719848633
9559,0.0022145509719848633
9560,0.0022145509719848633
9561,0.0022145509719848633
9562,0.0022145509719848633
9563,0.0022145509719848633
9564,0.0022145509719848633
9565,0.0022145509719848633
9566,0.0022145509719848633
9567,0.0022145509719848633
9568,0.0022145509719848633
9569,0.0022145509719848633
9570,0.0022145509719848633
9571,0.0022145509719848633
9572,0.0022145509719848633
9573,0.0022145509719848633
9574,0.0022145509719848633
9575,0.0022145509719848633
9576,0.0022145509719848633
9577,0.0022145509719848633
9578,0.0022145509719848633
9579,0.0022145509719848633
9580,0.0022145509719848633
9581,0.0022145509719848633
9582,0.0022145509719848633
9583,0.0022145509719848633
9584,0.0022145509719848633
9585,0.0022145509719848633
9586,0.0022145509719848633
9587,0.0022145509719848633
9588,0.0022145509719848633
9589,0.0022145509719848633
9590,0.0022145509719848633
9591,0.0022145509719848633
9592,0.0022145509719848633
9593,0.0022145509719848633
9594,0.0022145509719848633
9595,0.0022145509719848633
9596,0.0022145509719848633
9597,0.0022145509719848633
9598,0.0022145509719848633
9599,0.0022145509719848633
9600,0.0022145509719848633
9601,0.0022145509719848633
9602,0.0022145509719848633
9603,0.0022145509719848633
9604,0.0022145509719848633
9605,0.0022145509719848633
9606,0.0022145509719848633
9607,0.0022145509719848633
9608,0.0022145509719848633
9609,0.0022145509719848633
9610,0.0022145509719848633
9611,0.0022145509719848633
9612,0.0022145509719848633
9613,0.0022145509719848633
9614,0.0022145509719848633
9615,0.0022145509719848633
9616,0.0022145509719848633
9617,0.0022145509719848633
9618,0.0022145509719848633
9619,0.0022145509719848633
9620,0.0022145509719848633
9621,0.0022145509719848633
9622,0.0022145509719848633
9623,0.0022145509719848633
9624,0.0022145509719848633
9625,0.0022145509719848633
9626,0.0022145509719848633
9627,0.0022145509719848633
9628,0.0022145509719848633
9629,0.0022145509719848633
9630,0.0022145509719848633
9631,0.0022145509719848633
9632,0.0022145509719848633
9633,0.0022145509719848633
9634,0.0022145509719848633
9635,0.0022145509719848633
9636,0.0022145509719848633
9637,0.0022145509719848633
9638,0.0022145509719848633
9639,0.0022145509719848633
9640,0.0022145509719848633
9641,0.0022145509719848633
9642,0.0022145509719848633
9643,0.0022145509719848633
9644,0.0022145509719848633
9645,0.0022145509719848633
9646,0.0022145509719848633
9647,0.0022145509719848633
9648,0.0022145509719848633
9649,0.0022145509719848633
9650,0.0022145509719848633
9651,0.0022145509719848633
9652,0.0022145509719848633
9653,0.0022145509719848633
9654,0.0022145509719848633
9655,0.0022145509719848633
9656,0.0022145509719848633
9657,0.0022145509719848633
9658,0.0022145509719848633
9659,0.0022145509719848633
9660,0.0022145509719848633
9661,0.0022145509719848633
9662,0.0022145509719848633
9663,0.0022145509719848633
9664,0.0022145509719848633
9665,0.0022145509719848633
9666,0.0022145509719848633
9667,0.0022145509719848633
9668,0.0022145509719848633
9669,0.0022145509719848633
9670,0.0022145509719848633
9671,0.0022145509719848633
9672,0.0022145509719848633
9673,0.0022145509719848633
9674,0.0022145509719848633
9675,0.0022145509719848633
9676,0.0022145509719848633
9677,0.0022145509719848633
9678,0.0022145509719848633
9679,0.0022145509719848633
9680,0.0022145509719848633
9681,0.0022145509719848633
9682,0.0022145509719848633
9683,0.0022145509719848633
9684,0.0022145509719848633
9685,0.0022145509719848633
9686,0.0022145509719848633
9687,0.0022145509719848633
9688,0.0022145509719848633
9689,0.0022145509719848633
9690,0.0022145509719848633
9691,0.0022145509719848633
9692,0.0022145509719848633
9693,0.0022145509719848633
9694,0.0022145509719848633
9695,0.0022145509719848633
9696,0.0022145509719848633
9697,0.0022145509719848633
9698,0.0022145509719848633
9699,0.0022145509719848633
9700,0.0022145509719848633
9701,0.0022145509719848633
9702,0.0022145509719848633
9703,0.0022145509719848633
9704,0.0022145509719848633
9705,0.0022145509719848633
9706,0.0022145509719848633
9707,0.0022145509719848633
9708,0.0022145509719848633
9709,0.0022145509719848633
9710,0.0022145509719848633
9711,0.0022145509719848633
9712,0.0022145509719848633
9713,0.0022145509719848633
9714,0.0022145509719848633
9715,0.0022145509719848633
9716,0.0022145509719848633
9717,0.0022145509719848633
9718,0.0022145509719848633
9719,0.0022145509719848633
9720,0.0022145509719848633
9721,0.0022145509719848633
9722,0.0022145509719848633
9723,0.0022145509719848633
9724,0.0022145509719848633
9725,0.0022145509719848633
9726,0.0022145509719848633
9727,0.0022145509719848633
9728,0.0022145509719848633
9729,0.0022145509719848633
9730,0.0022145509719848633
9731,0.0022145509719848633
9732,0.0022145509719848633
9733,0.0022145509719848633
9734,0.0022145509719848633
9735,0.0022145509719848633
9736,0.0022145509719848633
9737,0.0022145509719848633
9738,0.0022145509719848633
9739,0.0022145509719848633
9740,0.0022145509719848633
9741,0.0022145509719848633
9742,0.0022145509719848633
9743,0.0022145509719848633
9744,0.0022145509719848633
9745,0.0022145509719848633
9746,0.0022145509719848633
9747,0.0022145509719848633
9748,0.0022145509719848633
9749,0.0022145509719848633
9750,0.0022145509719848633
9751,0.0022145509719848633
9752,0.0022145509719848633
9753,0.0022145509719848633
9754,0.0022145509719848633
9755,0.0022145509719848633
9756,0.0022145509719848633
9757,0.0022145509719848633
9758,0.0022145509719848633
9759,0.0022145509719848633
9760,0.0022145509719848633
9761,0.0022145509719848633
9762,0.0022145509719848633
9763,0.0022145509719848633
9764,0.0022145509719848633
9765,0.0022145509719848633
9766,0.0022145509719848633
9767,0.0022145509719848633
9768,0.0022145509719848633
9769,0.0022145509719848633
9770,0.0022145509719848633
9771,0.0022145509719848633
9772,0.0022145509719848633
9773,0.0022145509719848633
9774,0.0022145509719848633
9775,0.0022145509719848633
9776,0.0022145509719848633
9777,0.0022145509719848633
9778,0.0022145509719848633
9779,0.0022145509719848633
9780,0.0022145509719848633
9781,0.0022145509719848633
9782,0.0022145509719848633
9783,0.0022145509719848633
9784,0.0022145509719848633
9785,0.0022145509719848633
9786,0.0022145509719848633
9787,0.0022145509719848633
9788,0.0022145509719848633
9789,0.0022145509719848633
9790,0.0022145509719848633
9791,0.0022145509719848633
9792,0.0022145509719848633
9793,0.0022145509719848633
9794,0.0022145509719848633
9795,0.0022145509719848633
9796,0.0022145509719848633
9797,0.0022145509719848633
9798,0.0022145509719848633
9799,0.0022145509719848633
9800,0.0022145509719848633
9801,0.0022145509719848633
9802,0.0022145509719848633
9803,0.0022145509719848633
9804,0.0022145509719848633
9805,0.0022145509719848633
9806,0.0022145509719848633
9807,0.0022145509719848633
9808,0.0022145509719848633
9809,0.0022145509719848633
9810,0.0022145509719848633
9811,0.0022145509719848633
9812,0.0022145509719848633
9813,0.0022145509719848633
9814,0.0022145509719848633
9815,0.0022145509719848633
9816,0.0022145509719848633
9817,0.0022145509719848633
9818,0.0022145509719848633
9819,0.0022145509719848633
9820,0.0022145509719848633
9821,0.0022145509719848633
9822,0.0022145509719848633
9823,0.0022145509719848633
9824,0.0022145509719848633
9825,0.0022145509719848633
9826,0.0022145509719848633
9827,0.0022145509719848633
9828,0.0022145509719848633
9829,0.0022145509719848633
9830,0.0022145509719848633
9831,0.0022145509719848633
9832,0.0022145509719848633
9833,0.0022145509719848633
9834,0.0022145509719848633
9835,0.0022145509719848633
9836,0.0022145509719848633
9837,0.0022145509719848633
9838,0.0022145509719848633
9839,0.0022145509719848633
9840,0.0022145509719848633
9841,0.0022145509719848633
9842,0.0022145509719848633
9843,0.0022145509719848633
9844,0.0022145509719848633
9845,0.0022145509719848633
9846,0.0022145509719848633
9847,0.0022145509719848633
9848,0.0022145509719848633
9849,0.0022145509719848633
9850,0.0022145509719848633
9851,0.0022145509719848633
9852,0.0022145509719848633
9853,0.0022145509719848633
9854,0.0022145509719848633
9855,0.0022145509719848633
9856,0.0022145509719848633
9857,0.0022145509719848633
9858,0.0022145509719848633
9859,0.0022145509719848633
9860,0.0022145509719848633
9861,0.0022145509719848633
9862,0.0022145509719848633
9863,0.0022145509719848633
9864,0.0022145509719848633
9865,0.0022145509719848633
9866,0.0022145509719848633
9867,0.0022145509719848633
9868,0.0022145509719848633
9869,0.0022145509719848633
9870,0.0022145509719848633
9871,0.0022145509719848633
9872,0.0022145509719848633
9873,0.0022145509719848633
9874,0.0022145509719848633
9875,0.0022145509719848633
9876,0.0022145509719848633
9877,0.0022145509719848633
9878,0.0022145509719848633
9879,0.0022145509719848633
9880,0.0022145509719848633
9881,0.0022145509719848633
9882,0.0022145509719848633
9883,0.0022145509719848633
9884,0.0022145509719848633
9885,0.0022145509719848633
9886,0.0022145509719848633
9887,0.0022145509719848633
9888,0.0022145509719848633
9889,0.0022145509719848633
9890,0.0022145509719848633
9891,0.0022145509719848633
9892,0.0022145509719848633
9893,0.0022145509719848633
9894,0.0022145509719848633
9895,0.0022145509719848633
9896,0.0022145509719848633
9897,0.0022145509719848633
9898,0.0022145509719848633
9899,0.0022145509719848633
9900,0.0022145509719848633
9901,0.0022145509719848633
9902,0.0022145509719848633
9903,0.0022145509719848633
9904,0.0022145509719848633
9905,0.0022145509719848633
9906,0.0022145509719848633
9907,0.0022145509719848633
9908,0.0022145509719848633
9909,0.0022145509719848633
9910,0.0022145509719848633
9911,0.0022145509719848633
9912,0.0022145509719848633
9913,0.0022145509719848633
9914,0.0022145509719848633
9915,0.0022145509719848633
9916,0.0022145509719848633
9917,0.0022145509719848633
9918,0.0022145509719848633
9919,0.0022145509719848633
9920,0.0022145509719848633
9921,0.0022145509719848633
9922,0.0022145509719848633
9923,0.0022145509719848633
9924,0.0022145509719848633
9925,0.0022145509719848633
9926,0.0022145509719848633
9927,0.0022145509719848633
9928,0.0022145509719848633
9929,0.0022145509719848633
9930,0.0022145509719848633
9931,0.0022145509719848633
9932,0.0022145509719848633
9933,0.0022145509719848633
9934,0.0022145509719848633
9935,0.0022145509719848633
9936,0.0022145509719848633
9937,0.0022145509719848633
9938,0.0022145509719848633
9939,0.0022145509719848633
9940,0.0022145509719848633
9941,0.0022145509719848633
9942,0.0022145509719848633
9943,0.0022145509719848633
9944,0.0022145509719848633
9945,0.0022145509719848633
9946,0.0022145509719848633
9947,0.0022145509719848633
9948,0.0022145509719848633
9949,0.0022145509719848633
9950,0.0022145509719848633
9951,0.0022145509719848633
9952,0.0022145509719848633
9953,0.0022145509719848633
9954,0.0022145509719848633
9955,0.0022145509719848633
9956,0.0022145509719848633
9957,0.0022145509719848633
9958,0.0022145509719848633
9959,0.0022145509719848633
9960,0.0022145509719848633
9961,0.0022145509719848633
9962,0.0022145509719848633
9963,0.0022145509719848633
9964,0.0022145509719848633
9965,0.0022145509719848633
9966,0.0022145509719848633
9967,0.0022145509719848633
9968,0.0022145509719848633
9969,0.0022145509719848633
9970,0.0022145509719848633
9971,0.0022145509719848633
9972,0.0022145509719848633
9973,0.0022145509719848633
9974,0.0022145509719848633
9975,0.0022145509719848633
9976,0.0022145509719848633
9977,0.0022145509719848633
9978,0.0022145509719848633
9979,0.0022145509719848633
9980,0.0022145509719848633
9981,0.0022145509719848633
9982,0.0022145509719848633
9983,0.0022145509719848633
9984,0.0022145509719848633
9985,0.0022145509719848633
9986,0.0022145509719848633
9987,0.0022145509719848633
9988,0.0022145509719848633
9989,0.0022145509719848633
9990,0.0022145509719848633
9991,0.0022145509719848633
9992,0.0022145509719848633
9993,0.0022145509719848633
9994,0.0022145509719848633
9995,0.0022145509719848633
9996,0.0022145509719848633
9997,0.0022145509719848633
9998,0.0022145509719848633
9999,0.0022145509719848633
10000,0.0022145509719848633
10001,0.0022145509719848633
10002,0.0022145509719848633
10003,0.0022145509719848633
10004,0.0022145509719848633
10005,0.0022145509719848633
10006,0.0022145509719848633
10007,0.0022145509719848633
10008,0.0022145509719848633
10009,0.0022145509719848633
10010,0.0022145509719848633
10011,0.0022145509719848633
10012,0.0022145509719848633
10013,0.0022145509719848633
10014,0.0022145509719848633
10015,0.0022145509719848633
10016,0.0022145509719848633
10017,0.0022145509719848633
10018,0.0022145509719848633
10019,0.0022145509719848633
10020,0.0022145509719848633
10021,0.0022145509719848633
10022,0.0022145509719848633
10023,0.0022145509719848633
10024,0.0022145509719848633
10025,0.0022145509719848633
10026,0.0022145509719848633
10027,0.0022145509719848633
10028,0.0022145509719848633
10029,0.0022145509719848633
10030,0.0022145509719848633
10031,0.0022145509719848633
10032,0.0022145509719848633
10033,0.0022145509719848633
10034,0.0022145509719848633
10035,0.0022145509719848633
10036,0.0022145509719848633
10037,0.0022145509719848633
10038,0.0022145509719848633
10039,0.0022145509719848633
10040,0.0022145509719848633
10041,0.0022145509719848633
10042,0.0022145509719848633
10043,0.0022145509719848633
10044,0.0022145509719848633
10045,0.0022145509719848633
10046,0.0022145509719848633
10047,0.0022145509719848633
10048,0.0022145509719848633
10049,0.0022145509719848633
10050,0.0022145509719848633
10051,0.0022145509719848633
10052,0.0022145509719848633
10053,0.0022145509719848633
10054,0.0022145509719848633
10055,0.0022145509719848633
10056,0.0022145509719848633
10057,0.0022145509719848633
10058,0.0022145509719848633
10059,0.0022145509719848633
10060,0.0022145509719848633
10061,0.0022145509719848633
10062,0.0022145509719848633
10063,0.0022145509719848633
10064,0.0022145509719848633
10065,0.0022145509719848633
10066,0.0022145509719848633
10067,0.0022145509719848633
10068,0.0022145509719848633
10069,0.0022145509719848633
10070,0.0022145509719848633
10071,0.0022145509719848633
10072,0.0022145509719848633
10073,0.0022145509719848633
10074,0.0022145509719848633
10075,0.0022145509719848633
10076,0.0022145509719848633
10077,0.0022145509719848633
10078,0.0022145509719848633
10079,0.0022145509719848633
10080,0.0022145509719848633
10081,0.0022145509719848633
10082,0.0022145509719848633
10083,0.0022145509719848633
10084,0.0022145509719848633
10085,0.0022145509719848633
10086,0.0022145509719848633
10087,0.0022145509719848633
10088,0.0022145509719848633
10089,0.0022145509719848633
10090,0.0022145509719848633
10091,0.0022145509719848633
10092,0.0022145509719848633
10093,0.0022145509719848633
10094,0.0022145509719848633
10095,0.0022145509719848633
10096,0.0022145509719848633
10097,0.0022145509719848633
10098,0.0022145509719848633
10099,0.0022145509719848633
10100,0.0022145509719848633
10101,0.0022145509719848633
10102,0.0022145509719848633
10103,0.0022145509719848633
10104,0.0022145509719848633
10105,0.0022145509719848633
10106,0.0022145509719848633
10107,0.0022145509719848633
10108,0.0022145509719848633
10109,0.0022145509719848633
10110,0.0022145509719848633
10111,0.0022145509719848633
10112,0.0022145509719848633
10113,0.0022145509719848633
10114,0.0022145509719848633
10115,0.0022145509719848633
10116,0.0022145509719848633
10117,0.0022145509719848633
10118,0.0022145509719848633
10119,0.0022145509719848633
10120,0.0022145509719848633
10121,0.0022145509719848633
10122,0.0022145509719848633
10123,0.0022145509719848633
10124,0.0022145509719848633
10125,0.0022145509719848633
10126,0.0022145509719848633
10127,0.0022145509719848633
10128,0.0022145509719848633
10129,0.0022145509719848633
10130,0.0022145509719848633
10131,0.0022145509719848633
10132,0.0022145509719848633
10133,0.0022145509719848633
10134,0.0022145509719848633
10135,0.0022145509719848633
10136,0.0022145509719848633
10137,0.0022145509719848633
10138,0.0022145509719848633
10139,0.0022145509719848633
10140,0.0022145509719848633
10141,0.0022145509719848633
10142,0.0022145509719848633
10143,0.0022145509719848633
10144,0.0022145509719848633
10145,0.0022145509719848633
10146,0.0022145509719848633
10147,0.0022145509719848633
10148,0.0022145509719848633
10149,0.0022145509719848633
10150,0.0022145509719848633
10151,0.0022145509719848633
10152,0.0022145509719848633
10153,0.0022145509719848633
10154,0.0022145509719848633
10155,0.0022145509719848633
10156,0.0022145509719848633
10157,0.0022145509719848633
10158,0.0022145509719848633
10159,0.0022145509719848633
10160,0.0022145509719848633
10161,0.0022145509719848633
10162,0.0022145509719848633
10163,0.0022145509719848633
10164,0.0022145509719848633
10165,0.0022145509719848633
10166,0.0022145509719848633
10167,0.0022145509719848633
10168,0.0022145509719848633
10169,0.0022145509719848633
10170,0.0022145509719848633
10171,0.0022145509719848633
10172,0.0022145509719848633
10173,0.0022145509719848633
10174,0.0022145509719848633
10175,0.0022145509719848633
10176,0.0022145509719848633
10177,0.0022145509719848633
10178,0.0022145509719848633
10179,0.0022145509719848633
10180,0.0022145509719848633
10181,0.0022145509719848633
10182,0.0022145509719848633
10183,0.0022145509719848633
10184,0.0022145509719848633
10185,0.0022145509719848633
10186,0.0022145509719848633
10187,0.0022145509719848633
10188,0.0022145509719848633
10189,0.0022145509719848633
10190,0.0022145509719848633
10191,0.0022145509719848633
10192,0.0022145509719848633
10193,0.0022145509719848633
10194,0.0022145509719848633
10195,0.0022145509719848633
10196,0.0022145509719848633
10197,0.0022145509719848633
10198,0.0022145509719848633
10199,0.0022145509719848633
10200,0.0022145509719848633
10201,0.0022145509719848633
10202,0.0022145509719848633
10203,0.0022145509719848633
10204,0.0022145509719848633
10205,0.0022145509719848633
10206,0.0022145509719848633
10207,0.0022145509719848633
10208,0.0022145509719848633
10209,0.0022145509719848633
10210,0.0022145509719848633
10211,0.0022145509719848633
10212,0.0022145509719848633
10213,0.0022145509719848633
10214,0.0022145509719848633
10215,0.0022145509719848633
10216,0.0022145509719848633
10217,0.0022145509719848633
10218,0.0022145509719848633
10219,0.0022145509719848633
10220,0.0022145509719848633
10221,0.0022145509719848633
10222,0.0022145509719848633
10223,0.0022145509719848633
10224,0.0022145509719848633
10225,0.0022145509719848633
10226,0.0022145509719848633
10227,0.0022145509719848633
10228,0.0022145509719848633
10229,0.0022145509719848633
10230,0.0022145509719848633
10231,0.0022145509719848633
10232,0.0022145509719848633
10233,0.0022145509719848633
10234,0.0022145509719848633
10235,0.0022145509719848633
10236,0.0022145509719848633
10237,0.0022145509719848633
10238,0.0022145509719848633
10239,0.0022145509719848633
10240,0.0022145509719848633
10241,0.0022145509719848633
10242,0.0022145509719848633
10243,0.0022145509719848633
10244,0.0022145509719848633
10245,0.0022145509719848633
10246,0.0022145509719848633
10247,0.0022145509719848633
10248,0.0022145509719848633
10249,0.0022145509719848633
10250,0.0022145509719848633
10251,0.0022145509719848633
10252,0.0022145509719848633
10253,0.0022145509719848633
10254,0.0022145509719848633
10255,0.0022145509719848633
10256,0.0022145509719848633
10257,0.0022145509719848633
10258,0.0022145509719848633
10259,0.0022145509719848633
10260,0.0022145509719848633
10261,0.0022145509719848633
10262,0.0022145509719848633
10263,0.0022145509719848633
10264,0.0022145509719848633
10265,0.0022145509719848633
10266,0.0022145509719848633
10267,0.0022145509719848633
10268,0.0022145509719848633
10269,0.0022145509719848633
10270,0.0022145509719848633
10271,0.0022145509719848633
10272,0.0022145509719848633
10273,0.0022145509719848633
10274,0.0022145509719848633
10275,0.0022145509719848633
10276,0.0022145509719848633
10277,0.0022145509719848633
10278,0.0022145509719848633
10279,0.0022145509719848633
10280,0.0022145509719848633
10281,0.0022145509719848633
10282,0.0022145509719848633
10283,0.0022145509719848633
10284,0.0022145509719848633
10285,0.0022145509719848633
10286,0.0022145509719848633
10287,0.0022145509719848633
10288,0.0022145509719848633
10289,0.0022145509719848633
10290,0.0022145509719848633
10291,0.0022145509719848633
10292,0.0022145509719848633
10293,0.0022145509719848633
10294,0.0022145509719848633
10295,0.0022145509719848633
10296,0.0022145509719848633
10297,0.0022145509719848633
10298,0.0022145509719848633
10299,0.0022145509719848633
10300,0.0022145509719848633
10301,0.0022145509719848633
10302,0.0022145509719848633
10303,0.0022145509719848633
10304,0.0022145509719848633
10305,0.0022145509719848633
10306,0.0022145509719848633
10307,0.0022145509719848633
10308,0.0022145509719848633
10309,0.0022145509719848633
10310,0.0022145509719848633
10311,0.0022145509719848633
10312,0.0022145509719848633
10313,0.0022145509719848633
10314,0.0022145509719848633
10315,0.0022145509719848633
10316,0.0022145509719848633
10317,0.0022145509719848633
10318,0.0022145509719848633
10319,0.0022145509719848633
10320,0.0022145509719848633
10321,0.0022145509719848633
10322,0.0022145509719848633
10323,0.0022145509719848633
10324,0.0022145509719848633
10325,0.0022145509719848633
10326,0.0022145509719848633
10327,0.0022145509719848633
10328,0.0022145509719848633
10329,0.0022145509719848633
10330,0.0022145509719848633
10331,0.0022145509719848633
10332,0.0022145509719848633
10333,0.0022145509719848633
10334,0.0022145509719848633
10335,0.0022145509719848633
10336,0.0022145509719848633
10337,0.0022145509719848633
10338,0.0022145509719848633
10339,0.0022145509719848633
10340,0.0022145509719848633
10341,0.0022145509719848633
10342,0.0022145509719848633
10343,0.0022145509719848633
10344,0.0022145509719848633
10345,0.0022145509719848633
10346,0.0022145509719848633
10347,0.0022145509719848633
10348,0.0022145509719848633
10349,0.0022145509719848633
10350,0.0022145509719848633
10351,0.0022145509719848633
10352,0.0022145509719848633
10353,0.0022145509719848633
10354,0.0022145509719848633
10355,0.0022145509719848633
10356,0.0022145509719848633
10357,0.0022145509719848633
10358,0.0022145509719848633
10359,0.0022145509719848633
10360,0.0022145509719848633
10361,0.0022145509719848633
10362,0.0022145509719848633
10363,0.0022145509719848633
10364,0.0022145509719848633
10365,0.0022145509719848633
10366,0.0022145509719848633
10367,0.0022145509719848633
10368,0.0022145509719848633
10369,0.0022145509719848633
10370,0.0022145509719848633
10371,0.0022145509719848633
10372,0.0022145509719848633
10373,0.0022145509719848633
10374,0.0022145509719848633
10375,0.0022145509719848633
10376,0.0022145509719848633
10377,0.0022145509719848633
10378,0.0022145509719848633
10379,0.0022145509719848633
10380,0.0022145509719848633
10381,0.0022145509719848633
10382,0.0022145509719848633
10383,0.0022145509719848633
10384,0.0022145509719848633
10385,0.0022145509719848633
10386,0.0022145509719848633
10387,0.0022145509719848633
10388,0.0022145509719848633
10389,0.0022145509719848633
10390,0.0022145509719848633
10391,0.0022145509719848633
10392,0.0022145509719848633
10393,0.0022145509719848633
10394,0.0022145509719848633
10395,0.0022145509719848633
10396,0.0022145509719848633
10397,0.0022145509719848633
10398,0.0022145509719848633
10399,0.0022145509719848633
10400,0.0022145509719848633
10401,0.0022145509719848633
10402,0.0022145509719848633
10403,0.0022145509719848633
10404,0.0022145509719848633
10405,0.0022145509719848633
10406,0.0022145509719848633
10407,0.0022145509719848633
10408,0.0022145509719848633
10409,0.0022145509719848633
10410,0.0022145509719848633
10411,0.0022145509719848633
10412,0.0022145509719848633
10413,0.0022145509719848633
10414,0.0022145509719848633
10415,0.0022145509719848633
10416,0.0022145509719848633
10417,0.0022145509719848633
10418,0.0022145509719848633
10419,0.0022145509719848633
10420,0.0022145509719848633
10421,0.0022145509719848633
10422,0.0022145509719848633
10423,0.0022145509719848633
10424,0.0022145509719848633
10425,0.0022145509719848633
10426,0.0022145509719848633
10427,0.0022145509719848633
10428,0.0022145509719848633
10429,0.0022145509719848633
10430,0.0022145509719848633
10431,0.0022145509719848633
10432,0.0022145509719848633
10433,0.0022145509719848633
10434,0.0022145509719848633
10435,0.0022145509719848633
10436,0.0022145509719848633
10437,0.0022145509719848633
10438,0.0022145509719848633
10439,0.0022145509719848633
10440,0.0022145509719848633
10441,0.0022145509719848633
10442,0.0022145509719848633
10443,0.0022145509719848633
10444,0.0022145509719848633
10445,0.0022145509719848633
10446,0.0022145509719848633
10447,0.0022145509719848633
10448,0.0022145509719848633
10449,0.0022145509719848633
10450,0.0022145509719848633
10451,0.0022145509719848633
10452,0.0022145509719848633
10453,0.0022145509719848633
10454,0.0022145509719848633
10455,0.0022145509719848633
10456,0.0022145509719848633
10457,0.0022145509719848633
10458,0.0022145509719848633
10459,0.0022145509719848633
10460,0.0022145509719848633
10461,0.0022145509719848633
10462,0.0022145509719848633
10463,0.0022145509719848633
10464,0.0022145509719848633
10465,0.0022145509719848633
10466,0.0022145509719848633
10467,0.0022145509719848633
10468,0.0022145509719848633
10469,0.0022145509719848633
10470,0.0022145509719848633
10471,0.0022145509719848633
10472,0.0022145509719848633
10473,0.0022145509719848633
10474,0.0022145509719848633
10475,0.0022145509719848633
10476,0.0022145509719848633
10477,0.0022145509719848633
10478,0.0022145509719848633
10479,0.0022145509719848633
10480,0.0022145509719848633
10481,0.0022145509719848633
10482,0.0022145509719848633
10483,0.0022145509719848633
10484,0.0022145509719848633
10485,0.0022145509719848633
10486,0.0022145509719848633
10487,0.0022145509719848633
10488,0.0022145509719848633
10489,0.0022145509719848633
10490,0.0022145509719848633
10491,0.0022145509719848633
10492,0.0022145509719848633
10493,0.0022145509719848633
10494,0.0022145509719848633
10495,0.0022145509719848633
10496,0.0022145509719848633
10497,0.0022145509719848633
10498,0.0022145509719848633
10499,0.0022145509719848633
10500,0.0022145509719848633
10501,0.0022145509719848633
10502,0.0022145509719848633
10503,0.0022145509719848633
10504,0.0022145509719848633
10505,0.0022145509719848633
10506,0.0022145509719848633
10507,0.0022145509719848633
10508,0.0022145509719848633
10509,0.0022145509719848633
10510,0.0022145509719848633
10511,0.0022145509719848633
10512,0.0022145509719848633
10513,0.0022145509719848633
10514,0.0022145509719848633
10515,0.0022145509719848633
10516,0.0022145509719848633
10517,0.0022145509719848633
10518,0.0022145509719848633
10519,0.0022145509719848633
10520,0.0022145509719848633
10521,0.0022145509719848633
10522,0.0022145509719848633
10523,0.0022145509719848633
10524,0.0022145509719848633
10525,0.0022145509719848633
10526,0.0022145509719848633
10527,0.0022145509719848633
10528,0.0022145509719848633
10529,0.0022145509719848633
10530,0.0022145509719848633
10531,0.0022145509719848633
10532,0.0022145509719848633
10533,0.0022145509719848633
10534,0.0022145509719848633
10535,0.0022145509719848633
10536,0.0022145509719848633
10537,0.0022145509719848633
10538,0.0022145509719848633
10539,0.0022145509719848633
10540,0.0022145509719848633
10541,0.0022145509719848633
10542,0.0022145509719848633
10543,0.0022145509719848633
10544,0.0022145509719848633
10545,0.0022145509719848633
10546,0.0022145509719848633
10547,0.0022145509719848633
10548,0.0022145509719848633
10549,0.0022145509719848633
10550,0.0022145509719848633
10551,0.0022145509719848633
10552,0.0022145509719848633
10553,0.0022145509719848633
10554,0.0022145509719848633
10555,0.0022145509719848633
10556,0.0022145509719848633
10557,0.0022145509719848633
10558,0.0022145509719848633
10559,0.0022145509719848633
10560,0.0022145509719848633
10561,0.0022145509719848633
10562,0.0022145509719848633
10563,0.0022145509719848633
10564,0.0022145509719848633
10565,0.0022145509719848633
10566,0.0022145509719848633
10567,0.0022145509719848633
10568,0.0022145509719848633
10569,0.0022145509719848633
10570,0.0022145509719848633
10571,0.0022145509719848633
10572,0.0022145509719848633
10573,0.0022145509719848633
10574,0.0022145509719848633
10575,0.0022145509719848633
10576,0.0022145509719848633
10577,0.0022145509719848633
10578,0.0022145509719848633
10579,0.0022145509719848633
10580,0.0022145509719848633
10581,0.0022145509719848633
10582,0.0022145509719848633
10583,0.0022145509719848633
10584,0.0022145509719848633
10585,0.0022145509719848633
10586,0.0022145509719848633
10587,0.0022145509719848633
10588,0.0022145509719848633
10589,0.0022145509719848633
10590,0.0022145509719848633
10591,0.0022145509719848633
10592,0.0022145509719848633
10593,0.0022145509719848633
10594,0.0022145509719848633
10595,0.0022145509719848633
10596,0.0022145509719848633
10597,0.0022145509719848633
10598,0.0022145509719848633
10599,0.0022145509719848633
10600,0.0022145509719848633
10601,0.0022145509719848633
10602,0.0022145509719848633
10603,0.0022145509719848633
10604,0.0022145509719848633
10605,0.0022145509719848633
10606,0.0022145509719848633
10607,0.0022145509719848633
10608,0.0022145509719848633
10609,0.0022145509719848633
10610,0.0022145509719848633
10611,0.0022145509719848633
10612,0.0022145509719848633
10613,0.0022145509719848633
10614,0.0022145509719848633
10615,0.0022145509719848633
10616,0.0022145509719848633
10617,0.0022145509719848633
10618,0.0022145509719848633
10619,0.0022145509719848633
10620,0.0022145509719848633
10621,0.0022145509719848633
10622,0.0022145509719848633
10623,0.0022145509719848633
10624,0.0022145509719848633
10625,0.0022145509719848633
10626,0.0022145509719848633
10627,0.0022145509719848633
10628,0.0022145509719848633
10629,0.0022145509719848633
10630,0.0022145509719848633
10631,0.0022145509719848633
10632,0.0022145509719848633
10633,0.0022145509719848633
10634,0.0022145509719848633
10635,0.0022145509719848633
10636,0.0022145509719848633
10637,0.0022145509719848633
10638,0.0022145509719848633
10639,0.0022145509719848633
10640,0.0022145509719848633
10641,0.0022145509719848633
10642,0.0022145509719848633
10643,0.0022145509719848633
10644,0.0022145509719848633
10645,0.0022145509719848633
10646,0.0022145509719848633
10647,0.0022145509719848633
10648,0.0022145509719848633
10649,0.0022145509719848633
10650,0.0022145509719848633
10651,0.0022145509719848633
10652,0.0022145509719848633
10653,0.0022145509719848633
10654,0.0022145509719848633
10655,0.0022145509719848633
10656,0.0022145509719848633
10657,0.0022145509719848633
10658,0.0022145509719848633
10659,0.0022145509719848633
10660,0.0022145509719848633
10661,0.0022145509719848633
10662,0.0022145509719848633
10663,0.0022145509719848633
10664,0.0022145509719848633
10665,0.0022145509719848633
10666,0.0022145509719848633
10667,0.0022145509719848633
10668,0.0022145509719848633
10669,0.0022145509719848633
10670,0.0022145509719848633
10671,0.0022145509719848633
10672,0.0022145509719848633
10673,0.0022145509719848633
10674,0.0022145509719848633
10675,0.0022145509719848633
10676,0.0022145509719848633
10677,0.0022145509719848633
10678,0.0022145509719848633
10679,0.0022145509719848633
10680,0.0022145509719848633
10681,0.0022145509719848633
10682,0.0022145509719848633
10683,0.0022145509719848633
10684,0.0022145509719848633
10685,0.0022145509719848633
10686,0.0022145509719848633
10687,0.0022145509719848633
10688,0.0022145509719848633
10689,0.0022145509719848633
10690,0.0022145509719848633
10691,0.0022145509719848633
10692,0.0022145509719848633
10693,0.0022145509719848633
10694,0.0022145509719848633
10695,0.0022145509719848633
10696,0.0022145509719848633
10697,0.0022145509719848633
10698,0.0022145509719848633
10699,0.0022145509719848633
10700,0.0022145509719848633
10701,0.0022145509719848633
10702,0.0022145509719848633
10703,0.0022145509719848633
10704,0.0022145509719848633
10705,0.0022145509719848633
10706,0.0022145509719848633
10707,0.0022145509719848633
10708,0.0022145509719848633
10709,0.0022145509719848633
10710,0.0022145509719848633
10711,0.0022145509719848633
10712,0.0022145509719848633
10713,0.0022145509719848633
10714,0.0022145509719848633
10715,0.0022145509719848633
10716,0.0022145509719848633
10717,0.0022145509719848633
10718,0.0022145509719848633
10719,0.0022145509719848633
10720,0.0022145509719848633
10721,0.0022145509719848633
10722,0.0022145509719848633
10723,0.0022145509719848633
10724,0.0022145509719848633
10725,0.0022145509719848633
10726,0.0022145509719848633
10727,0.0022145509719848633
10728,0.0022145509719848633
10729,0.0022145509719848633
10730,0.0022145509719848633
10731,0.0022145509719848633
10732,0.0022145509719848633
10733,0.0022145509719848633
10734,0.0022145509719848633
10735,0.0022145509719848633
10736,0.0022145509719848633
10737,0.0022145509719848633
10738,0.0022145509719848633
10739,0.0022145509719848633
10740,0.0022145509719848633
10741,0.0022145509719848633
10742,0.0022145509719848633
10743,0.0022145509719848633
10744,0.0022145509719848633
10745,0.0022145509719848633
10746,0.0022145509719848633
10747,0.0022145509719848633
10748,0.0022145509719848633
10749,0.0022145509719848633
10750,0.0022145509719848633
10751,0.0022145509719848633
10752,0.0022145509719848633
10753,0.0022145509719848633
10754,0.0022145509719848633
10755,0.0022145509719848633
10756,0.0022145509719848633
10757,0.0022145509719848633
10758,0.0022145509719848633
10759,0.0022145509719848633
10760,0.0022145509719848633
10761,0.0022145509719848633
10762,0.0022145509719848633
10763,0.0022145509719848633
10764,0.0022145509719848633
10765,0.0022145509719848633
10766,0.0022145509719848633
10767,0.0022145509719848633
10768,0.0022145509719848633
10769,0.0022145509719848633
10770,0.0022145509719848633
10771,0.0022145509719848633
10772,0.0022145509719848633
10773,0.0022145509719848633
10774,0.0022145509719848633
10775,0.0022145509719848633
10776,0.0022145509719848633
10777,0.0022145509719848633
10778,0.0022145509719848633
10779,0.0022145509719848633
10780,0.0022145509719848633
10781,0.0022145509719848633
10782,0.0022145509719848633
10783,0.0022145509719848633
10784,0.0022145509719848633
10785,0.0022145509719848633
10786,0.0022145509719848633
10787,0.0022145509719848633
10788,0.0022145509719848633
10789,0.0022145509719848633
10790,0.0022145509719848633
10791,0.0022145509719848633
10792,0.0022145509719848633
10793,0.0022145509719848633
10794,0.0022145509719848633
10795,0.0022145509719848633
10796,0.0022145509719848633
10797,0.0022145509719848633
10798,0.0022145509719848633
10799,0.0022145509719848633
10800,0.0022145509719848633
10801,0.0022145509719848633
10802,0.0022145509719848633
10803,0.0022145509719848633
10804,0.0022145509719848633
10805,0.0022145509719848633
10806,0.0022145509719848633
10807,0.0022145509719848633
10808,0.0022145509719848633
10809,0.0022145509719848633
10810,0.0022145509719848633
10811,0.0022145509719848633
10812,0.0022145509719848633
10813,0.0022145509719848633
10814,0.0022145509719848633
10815,0.0022145509719848633
10816,0.0022145509719848633
10817,0.0022145509719848633
10818,0.0022145509719848633
10819,0.0022145509719848633
10820,0.0022145509719848633
10821,0.0022145509719848633
10822,0.0022145509719848633
10823,0.0022145509719848633
10824,0.0022145509719848633
10825,0.0022145509719848633
10826,0.0022145509719848633
10827,0.0022145509719848633
10828,0.0022145509719848633
10829,0.0022145509719848633
10830,0.0022145509719848633
10831,0.0022145509719848633
10832,0.0022145509719848633
10833,0.0022145509719848633
10834,0.0022145509719848633
10835,0.0022145509719848633
10836,0.0022145509719848633
10837,0.0022145509719848633
10838,0.0022145509719848633
10839,0.0022145509719848633
10840,0.0022145509719848633
10841,0.0022145509719848633
10842,0.0022145509719848633
10843,0.0022145509719848633
10844,0.0022145509719848633
10845,0.0022145509719848633
10846,0.0022145509719848633
10847,0.0022145509719848633
10848,0.0022145509719848633
10849,0.0022145509719848633
10850,0.0022145509719848633
10851,0.0022145509719848633
10852,0.0022145509719848633
10853,0.0022145509719848633
10854,0.0022145509719848633
10855,0.0022145509719848633
10856,0.0022145509719848633
10857,0.0022145509719848633
10858,0.0022145509719848633
10859,0.0022145509719848633
10860,0.0022145509719848633
10861,0.0022145509719848633
10862,0.0022145509719848633
10863,0.0022145509719848633
10864,0.0022145509719848633
10865,0.0022145509719848633
10866,0.0022145509719848633
10867,0.0022145509719848633
10868,0.0022145509719848633
10869,0.0022145509719848633
10870,0.0022145509719848633
10871,0.0022145509719848633
10872,0.0022145509719848633
10873,0.0022145509719848633
10874,0.0022145509719848633
10875,0.0022145509719848633
10876,0.0022145509719848633
10877,0.0022145509719848633
10878,0.0022145509719848633
10879,0.0022145509719848633
10880,0.0022145509719848633
10881,0.0022145509719848633
10882,0.0022145509719848633
10883,0.0022145509719848633
10884,0.0022145509719848633
10885,0.0022145509719848633
10886,0.0022145509719848633
10887,0.0022145509719848633
10888,0.0022145509719848633
10889,0.0022145509719848633
10890,0.0022145509719848633
10891,0.0022145509719848633
10892,0.0022145509719848633
10893,0.0022145509719848633
10894,0.0022145509719848633
10895,0.0022145509719848633
10896,0.0022145509719848633
10897,0.0022145509719848633
10898,0.0022145509719848633
10899,0.0022145509719848633
10900,0.0022145509719848633
10901,0.0022145509719848633
10902,0.0022145509719848633
10903,0.0022145509719848633
10904,0.0022145509719848633
10905,0.0022145509719848633
10906,0.0022145509719848633
10907,0.0022145509719848633
10908,0.0022145509719848633
10909,0.0022145509719848633
10910,0.0022145509719848633
10911,0.0022145509719848633
10912,0.0022145509719848633
10913,0.0022145509719848633
10914,0.0022145509719848633
10915,0.0022145509719848633
10916,0.0022145509719848633
10917,0.0022145509719848633
10918,0.0022145509719848633
10919,0.0022145509719848633
10920,0.0022145509719848633
10921,0.0022145509719848633
10922,0.0022145509719848633
10923,0.0022145509719848633
10924,0.0022145509719848633
10925,0.0022145509719848633
10926,0.0022145509719848633
10927,0.0022145509719848633
10928,0.0022145509719848633
10929,0.0022145509719848633
10930,0.0022145509719848633
10931,0.0022145509719848633
10932,0.0022145509719848633
10933,0.0022145509719848633
10934,0.0022145509719848633
10935,0.0022145509719848633
10936,0.0022145509719848633
10937,0.0022145509719848633
10938,0.0022145509719848633
10939,0.0022145509719848633
10940,0.0022145509719848633
10941,0.0022145509719848633
10942,0.0022145509719848633
10943,0.0022145509719848633
10944,0.0022145509719848633
10945,0.0022145509719848633
10946,0.0022145509719848633
10947,0.0022145509719848633
10948,0.0022145509719848633
10949,0.0022145509719848633
10950,0.0022145509719848633
10951,0.0022145509719848633
10952,0.0022145509719848633
10953,0.0022145509719848633
10954,0.0022145509719848633
10955,0.0022145509719848633
10956,0.0022145509719848633
10957,0.0022145509719848633
10958,0.0022145509719848633
10959,0.0022145509719848633
10960,0.0022145509719848633
10961,0.0022145509719848633
10962,0.0022145509719848633
10963,0.0022145509719848633
10964,0.0022145509719848633
10965,0.0022145509719848633
10966,0.0022145509719848633
10967,0.0022145509719848633
10968,0.0022145509719848633
10969,0.0022145509719848633
10970,0.0022145509719848633
10971,0.0022145509719848633
10972,0.0022145509719848633
10973,0.0022145509719848633
10974,0.0022145509719848633
10975,0.0022145509719848633
10976,0.0022145509719848633
10977,0.0022145509719848633
10978,0.0022145509719848633
10979,0.0022145509719848633
10980,0.0022145509719848633
10981,0.0022145509719848633
10982,0.0022145509719848633
10983,0.0022145509719848633
10984,0.0022145509719848633
10985,0.0022145509719848633
10986,0.0022145509719848633
10987,0.0022145509719848633
10988,0.0022145509719848633
10989,0.0022145509719848633
10990,0.0022145509719848633
10991,0.0022145509719848633
10992,0.0022145509719848633
10993,0.0022145509719848633
10994,0.0022145509719848633
10995,0.0022145509719848633
10996,0.0022145509719848633
10997,0.0022145509719848633
10998,0.0022145509719848633
10999,0.0022145509719848633
11000,0.0022145509719848633
11001,0.0022145509719848633
11002,0.0022145509719848633
11003,0.0022145509719848633
11004,0.0022145509719848633
11005,0.0022145509719848633
11006,0.0022145509719848633
11007,0.0022145509719848633
11008,0.0022145509719848633
11009,0.0022145509719848633
11010,0.0022145509719848633
11011,0.0022145509719848633
11012,0.0022145509719848633
11013,0.0022145509719848633
11014,0.0022145509719848633
11015,0.0022145509719848633
11016,0.0022145509719848633
11017,0.0022145509719848633
11018,0.0022145509719848633
11019,0.0022145509719848633
11020,0.0022145509719848633
11021,0.0022145509719848633
11022,0.0022145509719848633
11023,0.0022145509719848633
11024,0.0022145509719848633
11025,0.0022145509719848633
11026,0.0022145509719848633
11027,0.0022145509719848633
11028,0.0022145509719848633
11029,0.0022145509719848633
11030,0.0022145509719848633
11031,0.0022145509719848633
11032,0.0022145509719848633
11033,0.0022145509719848633
11034,0.0022145509719848633
11035,0.0022145509719848633
11036,0.0022145509719848633
11037,0.0022145509719848633
11038,0.0022145509719848633
11039,0.0022145509719848633
11040,0.0022145509719848633
11041,0.0022145509719848633
11042,0.0022145509719848633
11043,0.0022145509719848633
11044,0.0022145509719848633
11045,0.0022145509719848633
11046,0.0022145509719848633
11047,0.0022145509719848633
11048,0.0022145509719848633
11049,0.0022145509719848633
11050,0.0022145509719848633
11051,0.0022145509719848633
11052,0.0022145509719848633
11053,0.0022145509719848633
11054,0.0022145509719848633
11055,0.0022145509719848633
11056,0.0022145509719848633
11057,0.0022145509719848633
11058,0.0022145509719848633
11059,0.0022145509719848633
11060,0.0022145509719848633
11061,0.0022145509719848633
11062,0.0022145509719848633
11063,0.0022145509719848633
11064,0.0022145509719848633
11065,0.0022145509719848633
11066,0.0022145509719848633
11067,0.0022145509719848633
11068,0.0022145509719848633
11069,0.0022145509719848633
11070,0.0022145509719848633
11071,0.0022145509719848633
11072,0.0022145509719848633
11073,0.0022145509719848633
11074,0.0022145509719848633
11075,0.0022145509719848633
11076,0.0022145509719848633
11077,0.0022145509719848633
11078,0.0022145509719848633
11079,0.0022145509719848633
11080,0.0022145509719848633
11081,0.0022145509719848633
11082,0.0022145509719848633
11083,0.0022145509719848633
11084,0.0022145509719848633
11085,0.0022145509719848633
11086,0.0022145509719848633
11087,0.0022145509719848633
11088,0.0022145509719848633
11089,0.0022145509719848633
11090,0.0022145509719848633
11091,0.0022145509719848633
11092,0.0022145509719848633
11093,0.0022145509719848633
11094,0.0022145509719848633
11095,0.0022145509719848633
11096,0.0022145509719848633
11097,0.0022145509719848633
11098,0.0022145509719848633
11099,0.0022145509719848633
11100,0.0022145509719848633
11101,0.0022145509719848633
11102,0.0022145509719848633
11103,0.0022145509719848633
11104,0.0022145509719848633
11105,0.0022145509719848633
11106,0.0022145509719848633
11107,0.0022145509719848633
11108,0.0022145509719848633
11109,0.0022145509719848633
11110,0.0022145509719848633
11111,0.0022145509719848633
11112,0.0022145509719848633
11113,0.0022145509719848633
11114,0.0022145509719848633
11115,0.0022145509719848633
11116,0.0022145509719848633
11117,0.0022145509719848633
11118,0.0022145509719848633
11119,0.0022145509719848633
11120,0.0022145509719848633
11121,0.0022145509719848633
11122,0.0022145509719848633
11123,0.0022145509719848633
11124,0.0022145509719848633
11125,0.0022145509719848633
11126,0.0022145509719848633
11127,0.0022145509719848633
11128,0.0022145509719848633
11129,0.0022145509719848633
11130,0.0022145509719848633
11131,0.0022145509719848633
11132,0.0022145509719848633
11133,0.0022145509719848633
11134,0.0022145509719848633
11135,0.0022145509719848633
11136,0.0022145509719848633
11137,0.0022145509719848633
11138,0.0022145509719848633
11139,0.0022145509719848633
11140,0.0022145509719848633
11141,0.0022145509719848633
11142,0.0022145509719848633
11143,0.0022145509719848633
11144,0.0022145509719848633
11145,0.0022145509719848633
11146,0.0022145509719848633
11147,0.0022145509719848633
11148,0.0022145509719848633
11149,0.0022145509719848633
11150,0.0022145509719848633
11151,0.0022145509719848633
11152,0.0022145509719848633
11153,0.0022145509719848633
11154,0.0022145509719848633
11155,0.0022145509719848633
11156,0.0022145509719848633
11157,0.0022145509719848633
11158,0.0022145509719848633
11159,0.0022145509719848633
11160,0.0022145509719848633
11161,0.0022145509719848633
11162,0.0022145509719848633
11163,0.0022145509719848633
11164,0.0022145509719848633
11165,0.0022145509719848633
11166,0.0022145509719848633
11167,0.0022145509719848633
11168,0.0022145509719848633
11169,0.0022145509719848633
11170,0.0022145509719848633
11171,0.0022145509719848633
11172,0.0022145509719848633
11173,0.0022145509719848633
11174,0.0022145509719848633
11175,0.0022145509719848633
11176,0.0022145509719848633
11177,0.0022145509719848633
11178,0.0022145509719848633
11179,0.0022145509719848633
11180,0.0022145509719848633
11181,0.0022145509719848633
11182,0.0022145509719848633
11183,0.0022145509719848633
11184,0.0022145509719848633
11185,0.0022145509719848633
11186,0.0022145509719848633
11187,0.0022145509719848633
11188,0.0022145509719848633
11189,0.0022145509719848633
11190,0.0022145509719848633
11191,0.0022145509719848633
11192,0.0022145509719848633
11193,0.0022145509719848633
11194,0.0022145509719848633
11195,0.0022145509719848633
11196,0.0022145509719848633
11197,0.0022145509719848633
11198,0.0022145509719848633
11199,0.0022145509719848633
11200,0.0022145509719848633
11201,0.0022145509719848633
11202,0.0022145509719848633
11203,0.0022145509719848633
11204,0.0022145509719848633
11205,0.0022145509719848633
11206,0.0022145509719848633
11207,0.0022145509719848633
11208,0.0022145509719848633
11209,0.0022145509719848633
11210,0.0022145509719848633
11211,0.0022145509719848633
11212,0.0022145509719848633
11213,0.0022145509719848633
11214,0.0022145509719848633
11215,0.0022145509719848633
11216,0.0022145509719848633
11217,0.0022145509719848633
11218,0.0022145509719848633
11219,0.0022145509719848633
11220,0.0022145509719848633
11221,0.0022145509719848633
11222,0.0022145509719848633
11223,0.0022145509719848633
11224,0.0022145509719848633
11225,0.0022145509719848633
11226,0.0022145509719848633
11227,0.0022145509719848633
11228,0.0022145509719848633
11229,0.0022145509719848633
11230,0.0022145509719848633
11231,0.0022145509719848633
11232,0.0022145509719848633
11233,0.0022145509719848633
11234,0.0022145509719848633
11235,0.0022145509719848633
11236,0.0022145509719848633
11237,0.0022145509719848633
11238,0.0022145509719848633
11239,0.0022145509719848633
11240,0.0022145509719848633
11241,0.0022145509719848633
11242,0.0022145509719848633
11243,0.0022145509719848633
11244,0.0022145509719848633
11245,0.0022145509719848633
11246,0.0022145509719848633
11247,0.0022145509719848633
11248,0.0022145509719848633
11249,0.0022145509719848633
11250,0.0022145509719848633
11251,0.0022145509719848633
11252,0.0022145509719848633
11253,0.0022145509719848633
11254,0.0022145509719848633
11255,0.0022145509719848633
11256,0.0022145509719848633
11257,0.0022145509719848633
11258,0.0022145509719848633
11259,0.0022145509719848633
11260,0.0022145509719848633
11261,0.0022145509719848633
11262,0.0022145509719848633
11263,0.0022145509719848633
11264,0.0022145509719848633
11265,0.0022145509719848633
11266,0.0022145509719848633
11267,0.0022145509719848633
11268,0.0022145509719848633
11269,0.0022145509719848633
11270,0.0022145509719848633
11271,0.0022145509719848633
11272,0.0022145509719848633
11273,0.0022145509719848633
11274,0.0022145509719848633
11275,0.0022145509719848633
11276,0.0022145509719848633
11277,0.0022145509719848633
11278,0.0022145509719848633
11279,0.0022145509719848633
11280,0.0022145509719848633
11281,0.0022145509719848633
11282,0.0022145509719848633
11283,0.0022145509719848633
11284,0.0022145509719848633
11285,0.0022145509719848633
11286,0.0022145509719848633
11287,0.0022145509719848633
11288,0.0022145509719848633
11289,0.0022145509719848633
11290,0.0022145509719848633
11291,0.0022145509719848633
11292,0.0022145509719848633
11293,0.0022145509719848633
11294,0.0022145509719848633
11295,0.0022145509719848633
11296,0.0022145509719848633
11297,0.0022145509719848633
11298,0.0022145509719848633
11299,0.0022145509719848633
11300,0.0022145509719848633
11301,0.0022145509719848633
11302,0.0022145509719848633
11303,0.0022145509719848633
11304,0.0022145509719848633
11305,0.0022145509719848633
11306,0.0022145509719848633
11307,0.0022145509719848633
11308,0.0022145509719848633
11309,0.0022145509719848633
11310,0.0022145509719848633
11311,0.0022145509719848633
11312,0.0022145509719848633
11313,0.0022145509719848633
11314,0.0022145509719848633
11315,0.0022145509719848633
11316,0.0022145509719848633
11317,0.0022145509719848633
11318,0.0022145509719848633
11319,0.0022145509719848633
11320,0.0022145509719848633
11321,0.0022145509719848633
11322,0.0022145509719848633
11323,0.0022145509719848633
11324,0.0022145509719848633
11325,0.0022145509719848633
11326,0.0022145509719848633
11327,0.0022145509719848633
11328,0.0022145509719848633
11329,0.0022145509719848633
11330,0.0022145509719848633
11331,0.0022145509719848633
11332,0.0022145509719848633
11333,0.0022145509719848633
11334,0.0022145509719848633
11335,0.0022145509719848633
11336,0.0022145509719848633
11337,0.0022145509719848633
11338,0.0022145509719848633
11339,0.0022145509719848633
11340,0.0022145509719848633
11341,0.0022145509719848633
11342,0.0022145509719848633
11343,0.0022145509719848633
11344,0.0022145509719848633
11345,0.0022145509719848633
11346,0.0022145509719848633
11347,0.0022145509719848633
11348,0.0022145509719848633
11349,0.0022145509719848633
11350,0.0022145509719848633
11351,0.0022145509719848633
11352,0.0022145509719848633
11353,0.0022145509719848633
11354,0.0022145509719848633
11355,0.0022145509719848633
11356,0.0022145509719848633
11357,0.0022145509719848633
11358,0.0022145509719848633
11359,0.0022145509719848633
11360,0.0022145509719848633
11361,0.0022145509719848633
11362,0.0022145509719848633
11363,0.0022145509719848633
11364,0.0022145509719848633
11365,0.0022145509719848633
11366,0.0022145509719848633
11367,0.0022145509719848633
11368,0.0022145509719848633
11369,0.0022145509719848633
11370,0.0022145509719848633
11371,0.0022145509719848633
11372,0.0022145509719848633
11373,0.0022145509719848633
11374,0.0022145509719848633
11375,0.0022145509719848633
11376,0.0022145509719848633
11377,0.0022145509719848633
11378,0.0022145509719848633
11379,0.0022145509719848633
11380,0.0022145509719848633
11381,0.0022145509719848633
11382,0.0022145509719848633
11383,0.0022145509719848633
11384,0.0022145509719848633
11385,0.0022145509719848633
11386,0.0022145509719848633
11387,0.0022145509719848633
11388,0.0022145509719848633
11389,0.0022145509719848633
11390,0.0022145509719848633
11391,0.0022145509719848633
11392,0.0022145509719848633
11393,0.0022145509719848633
11394,0.0022145509719848633
11395,0.0022145509719848633
11396,0.0022145509719848633
11397,0.0022145509719848633
11398,0.0022145509719848633
11399,0.0022145509719848633
11400,0.0022145509719848633
11401,0.0022145509719848633
11402,0.0022145509719848633
11403,0.0022145509719848633
11404,0.0022145509719848633
11405,0.0022145509719848633
11406,0.0022145509719848633
11407,0.0022145509719848633
11408,0.0022145509719848633
11409,0.0022145509719848633
11410,0.0022145509719848633
11411,0.0022145509719848633
11412,0.0022145509719848633
11413,0.0022145509719848633
11414,0.0022145509719848633
11415,0.0022145509719848633
11416,0.0022145509719848633
11417,0.0022145509719848633
11418,0.0022145509719848633
11419,0.0022145509719848633
11420,0.0022145509719848633
11421,0.0022145509719848633
11422,0.0022145509719848633
11423,0.0022145509719848633
11424,0.0022145509719848633
11425,0.0022145509719848633
11426,0.0022145509719848633
11427,0.0022145509719848633
11428,0.0022145509719848633
11429,0.0022145509719848633
11430,0.0022145509719848633
11431,0.0022145509719848633
11432,0.0022145509719848633
11433,0.0022145509719848633
11434,0.0022145509719848633
11435,0.0022145509719848633
11436,0.0022145509719848633
11437,0.0022145509719848633
11438,0.0022145509719848633
11439,0.0022145509719848633
11440,0.0022145509719848633
11441,0.0022145509719848633
11442,0.0022145509719848633
11443,0.0022145509719848633
11444,0.0022145509719848633
11445,0.0022145509719848633
11446,0.0022145509719848633
11447,0.0022145509719848633
11448,0.0022145509719848633
11449,0.0022145509719848633
11450,0.0022145509719848633
11451,0.0022145509719848633
11452,0.0022145509719848633
11453,0.0022145509719848633
11454,0.0022145509719848633
11455,0.0022145509719848633
11456,0.0022145509719848633
11457,0.0022145509719848633
11458,0.0022145509719848633
11459,0.0022145509719848633
11460,0.0022145509719848633
11461,0.0022145509719848633
11462,0.0022145509719848633
11463,0.0022145509719848633
11464,0.0022145509719848633
11465,0.0022145509719848633
11466,0.0022145509719848633
11467,0.0022145509719848633
11468,0.0022145509719848633
11469,0.0022145509719848633
11470,0.0022145509719848633
11471,0.0022145509719848633
11472,0.0022145509719848633
11473,0.0022145509719848633
11474,0.0022145509719848633
11475,0.0022145509719848633
11476,0.0022145509719848633
11477,0.0022145509719848633
11478,0.0022145509719848633
11479,0.0022145509719848633
11480,0.0022145509719848633
11481,0.0022145509719848633
11482,0.0022145509719848633
11483,0.0022145509719848633
11484,0.0022145509719848633
11485,0.0022145509719848633
11486,0.0022145509719848633
11487,0.0022145509719848633
11488,0.0022145509719848633
11489,0.0022145509719848633
11490,0.0022145509719848633
11491,0.0022145509719848633
11492,0.0022145509719848633
11493,0.0022145509719848633
11494,0.0022145509719848633
11495,0.0022145509719848633
11496,0.0022145509719848633
11497,0.0022145509719848633
11498,0.0022145509719848633
11499,0.0022145509719848633
11500,0.0022145509719848633
11501,0.0022145509719848633
11502,0.0022145509719848633
11503,0.0022145509719848633
11504,0.0022145509719848633
11505,0.0022145509719848633
11506,0.0022145509719848633
11507,0.0022145509719848633
11508,0.0022145509719848633
11509,0.0022145509719848633
11510,0.0022145509719848633
11511,0.0022145509719848633
11512,0.0022145509719848633
11513,0.0022145509719848633
11514,0.0022145509719848633
11515,0.0022145509719848633
11516,0.0022145509719848633
11517,0.0022145509719848633
11518,0.0022145509719848633
11519,0.0022145509719848633
11520,0.0022145509719848633
11521,0.0022145509719848633
11522,0.0022145509719848633
11523,0.0022145509719848633
11524,0.0022145509719848633
11525,0.0022145509719848633
11526,0.0022145509719848633
11527,0.0022145509719848633
11528,0.0022145509719848633
11529,0.0022145509719848633
11530,0.0022145509719848633
11531,0.0022145509719848633
11532,0.0022145509719848633
11533,0.0022145509719848633
11534,0.0022145509719848633
11535,0.0022145509719848633
11536,0.0022145509719848633
11537,0.0022145509719848633
11538,0.0022145509719848633
11539,0.0022145509719848633
11540,0.0022145509719848633
11541,0.0022145509719848633
11542,0.0022145509719848633
11543,0.0022145509719848633
11544,0.0022145509719848633
11545,0.0022145509719848633
11546,0.0022145509719848633
11547,0.0022145509719848633
11548,0.0022145509719848633
11549,0.0022145509719848633
11550,0.0022145509719848633
11551,0.0022145509719848633
11552,0.0022145509719848633
11553,0.0022145509719848633
11554,0.0022145509719848633
11555,0.0022145509719848633
11556,0.0022145509719848633
11557,0.0022145509719848633
11558,0.0022145509719848633
11559,0.0022145509719848633
11560,0.0022145509719848633
11561,0.0022145509719848633
11562,0.0022145509719848633
11563,0.0022145509719848633
11564,0.0022145509719848633
11565,0.0022145509719848633
11566,0.0022145509719848633
11567,0.0022145509719848633
11568,0.0022145509719848633
11569,0.0022145509719848633
11570,0.0022145509719848633
11571,0.0022145509719848633
11572,0.0022145509719848633
11573,0.0022145509719848633
11574,0.0022145509719848633
11575,0.0022145509719848633
11576,0.0022145509719848633
11577,0.0022145509719848633
11578,0.0022145509719848633
11579,0.0022145509719848633
11580,0.0022145509719848633
11581,0.0022145509719848633
11582,0.0022145509719848633
11583,0.0022145509719848633
11584,0.0022145509719848633
11585,0.0022145509719848633
11586,0.0022145509719848633
11587,0.0022145509719848633
11588,0.0022145509719848633
11589,0.0022145509719848633
11590,0.0022145509719848633
11591,0.0022145509719848633
11592,0.0022145509719848633
11593,0.0022145509719848633
11594,0.0022145509719848633
11595,0.0022145509719848633
11596,0.0022145509719848633
11597,0.0022145509719848633
11598,0.0022145509719848633
11599,0.0022145509719848633
11600,0.0022145509719848633
11601,0.0022145509719848633
11602,0.0022145509719848633
11603,0.0022145509719848633
11604,0.0022145509719848633
11605,0.0022145509719848633
11606,0.0022145509719848633
11607,0.0022145509719848633
11608,0.0022145509719848633
11609,0.0022145509719848633
11610,0.0022145509719848633
11611,0.0022145509719848633
11612,0.0022145509719848633
11613,0.0022145509719848633
11614,0.0022145509719848633
11615,0.0022145509719848633
11616,0.0022145509719848633
11617,0.0022145509719848633
11618,0.0022145509719848633
11619,0.0022145509719848633
11620,0.0022145509719848633
11621,0.0022145509719848633
11622,0.0022145509719848633
11623,0.0022145509719848633
11624,0.0022145509719848633
11625,0.0022145509719848633
11626,0.0022145509719848633
11627,0.0022145509719848633
11628,0.0022145509719848633
11629,0.0022145509719848633
11630,0.0022145509719848633
11631,0.0022145509719848633
11632,0.0022145509719848633
11633,0.0022145509719848633
11634,0.0022145509719848633
11635,0.0022145509719848633
11636,0.0022145509719848633
11637,0.0022145509719848633
11638,0.0022145509719848633
11639,0.0022145509719848633
11640,0.0022145509719848633
11641,0.0022145509719848633
11642,0.0022145509719848633
11643,0.0022145509719848633
11644,0.0022145509719848633
11645,0.0022145509719848633
11646,0.0022145509719848633
11647,0.0022145509719848633
11648,0.0022145509719848633
11649,0.0022145509719848633
11650,0.0022145509719848633
11651,0.0022145509719848633
11652,0.0022145509719848633
11653,0.0022145509719848633
11654,0.0022145509719848633
11655,0.0022145509719848633
11656,0.0022145509719848633
11657,0.0022145509719848633
11658,0.0022145509719848633
11659,0.0022145509719848633
11660,0.0022145509719848633
11661,0.0022145509719848633
11662,0.0022145509719848633
11663,0.0022145509719848633
11664,0.0022145509719848633
11665,0.0022145509719848633
11666,0.0022145509719848633
11667,0.0022145509719848633
11668,0.0022145509719848633
11669,0.0022145509719848633
11670,0.0022145509719848633
11671,0.0022145509719848633
11672,0.0022145509719848633
11673,0.0022145509719848633
11674,0.0022145509719848633
11675,0.0022145509719848633
11676,0.0022145509719848633
11677,0.0022145509719848633
11678,0.0022145509719848633
11679,0.0022145509719848633
11680,0.0022145509719848633
11681,0.0022145509719848633
11682,0.0022145509719848633
11683,0.0022145509719848633
11684,0.0022145509719848633
11685,0.0022145509719848633
11686,0.0022145509719848633
11687,0.0022145509719848633
11688,0.0022145509719848633
11689,0.0022145509719848633
11690,0.0022145509719848633
11691,0.0022145509719848633
11692,0.0022145509719848633
11693,0.0022145509719848633
11694,0.0022145509719848633
11695,0.0022145509719848633
11696,0.0022145509719848633
11697,0.0022145509719848633
11698,0.0022145509719848633
11699,0.0022145509719848633
11700,0.0022145509719848633
11701,0.0022145509719848633
11702,0.0022145509719848633
11703,0.0022145509719848633
11704,0.0022145509719848633
11705,0.0022145509719848633
11706,0.0022145509719848633
11707,0.0022145509719848633
11708,0.0022145509719848633
11709,0.0022145509719848633
11710,0.0022145509719848633
11711,0.0022145509719848633
11712,0.0022145509719848633
11713,0.0022145509719848633
11714,0.0022145509719848633
11715,0.0022145509719848633
11716,0.0022145509719848633
11717,0.0022145509719848633
11718,0.0022145509719848633
11719,0.0022145509719848633
11720,0.0022145509719848633
11721,0.0022145509719848633
11722,0.0022145509719848633
11723,0.0022145509719848633
11724,0.0022145509719848633
11725,0.0022145509719848633
11726,0.0022145509719848633
11727,0.0022145509719848633
11728,0.0022145509719848633
11729,0.0022145509719848633
11730,0.0022145509719848633
11731,0.0022145509719848633
11732,0.0022145509719848633
11733,0.0022145509719848633
11734,0.0022145509719848633
11735,0.0022145509719848633
11736,0.0022145509719848633
11737,0.0022145509719848633
11738,0.0022145509719848633
11739,0.0022145509719848633
11740,0.0022145509719848633
11741,0.0022145509719848633
11742,0.0022145509719848633
11743,0.0022145509719848633
11744,0.0022145509719848633
11745,0.0022145509719848633
11746,0.0022145509719848633
11747,0.0022145509719848633
11748,0.0022145509719848633
11749,0.0022145509719848633
11750,0.0022145509719848633
11751,0.0022145509719848633
11752,0.0022145509719848633
11753,0.0022145509719848633
11754,0.0022145509719848633
11755,0.0022145509719848633
11756,0.0022145509719848633
11757,0.0022145509719848633
11758,0.0022145509719848633
11759,0.0022145509719848633
11760,0.0022145509719848633
11761,0.0022145509719848633
11762,0.0022145509719848633
11763,0.0022145509719848633
11764,0.0022145509719848633
11765,0.0022145509719848633
11766,0.0022145509719848633
11767,0.0022145509719848633
11768,0.0022145509719848633
11769,0.0022145509719848633
11770,0.0022145509719848633
11771,0.0022145509719848633
11772,0.0022145509719848633
11773,0.0022145509719848633
11774,0.0022145509719848633
11775,0.0022145509719848633
11776,0.0022145509719848633
11777,0.0022145509719848633
11778,0.0022145509719848633
11779,0.0022145509719848633
11780,0.0022145509719848633
11781,0.0022145509719848633
11782,0.0022145509719848633
11783,0.0022145509719848633
11784,0.0022145509719848633
11785,0.0022145509719848633
11786,0.0022145509719848633
11787,0.0022145509719848633
11788,0.0022145509719848633
11789,0.0022145509719848633
11790,0.0022145509719848633
11791,0.0022145509719848633
11792,0.0022145509719848633
11793,0.0022145509719848633
11794,0.0022145509719848633
11795,0.0022145509719848633
11796,0.0022145509719848633
11797,0.0022145509719848633
11798,0.0022145509719848633
11799,0.0022145509719848633
11800,0.0022145509719848633
11801,0.0022145509719848633
11802,0.0022145509719848633
11803,0.0022145509719848633
11804,0.0022145509719848633
11805,0.0022145509719848633
11806,0.0022145509719848633
11807,0.0022145509719848633
11808,0.0022145509719848633
11809,0.0022145509719848633
11810,0.0022145509719848633
11811,0.0022145509719848633
11812,0.0022145509719848633
11813,0.0022145509719848633
11814,0.0022145509719848633
11815,0.0022145509719848633
11816,0.0022145509719848633
11817,0.0022145509719848633
11818,0.0022145509719848633
11819,0.0022145509719848633
11820,0.0022145509719848633
11821,0.0022145509719848633
11822,0.0022145509719848633
11823,0.0022145509719848633
11824,0.0022145509719848633
11825,0.0022145509719848633
11826,0.0022145509719848633
11827,0.0022145509719848633
11828,0.0022145509719848633
11829,0.0022145509719848633
11830,0.0022145509719848633
11831,0.0022145509719848633
11832,0.0022145509719848633
11833,0.0022145509719848633
11834,0.0022145509719848633
11835,0.0022145509719848633
11836,0.0022145509719848633
11837,0.0022145509719848633
11838,0.0022145509719848633
11839,0.0022145509719848633
11840,0.0022145509719848633
11841,0.0022145509719848633
11842,0.0022145509719848633
11843,0.0022145509719848633
11844,0.0022145509719848633
11845,0.0022145509719848633
11846,0.0022145509719848633
11847,0.0022145509719848633
11848,0.0022145509719848633
11849,0.0022145509719848633
11850,0.0022145509719848633
11851,0.0022145509719848633
11852,0.0022145509719848633
11853,0.0022145509719848633
11854,0.0022145509719848633
11855,0.0022145509719848633
11856,0.0022145509719848633
11857,0.0022145509719848633
11858,0.0022145509719848633
11859,0.0022145509719848633
11860,0.0022145509719848633
11861,0.0022145509719848633
11862,0.0022145509719848633
11863,0.0022145509719848633
11864,0.0022145509719848633
11865,0.0022145509719848633
11866,0.0022145509719848633
11867,0.0022145509719848633
11868,0.0022145509719848633
11869,0.0022145509719848633
11870,0.0022145509719848633
11871,0.0022145509719848633
11872,0.0022145509719848633
11873,0.0022145509719848633
11874,0.0022145509719848633
11875,0.0022145509719848633
11876,0.0022145509719848633
11877,0.0022145509719848633
11878,0.0022145509719848633
11879,0.0022145509719848633
11880,0.0022145509719848633
11881,0.0022145509719848633
11882,0.0022145509719848633
11883,0.0022145509719848633
11884,0.0022145509719848633
11885,0.0022145509719848633
11886,0.0022145509719848633
11887,0.0022145509719848633
11888,0.0022145509719848633
11889,0.0022145509719848633
11890,0.0022145509719848633
11891,0.0022145509719848633
11892,0.0022145509719848633
11893,0.0022145509719848633
11894,0.0022145509719848633
11895,0.0022145509719848633
11896,0.0022145509719848633
11897,0.0022145509719848633
11898,0.0022145509719848633
11899,0.0022145509719848633
11900,0.0022145509719848633
11901,0.0022145509719848633
11902,0.0022145509719848633
11903,0.0022145509719848633
11904,0.0022145509719848633
11905,0.0022145509719848633
11906,0.0022145509719848633
11907,0.0022145509719848633
11908,0.0022145509719848633
11909,0.0022145509719848633
11910,0.0022145509719848633
11911,0.0022145509719848633
11912,0.0022145509719848633
11913,0.0022145509719848633
11914,0.0022145509719848633
11915,0.0022145509719848633
11916,0.0022145509719848633
11917,0.0022145509719848633
11918,0.0022145509719848633
11919,0.0022145509719848633
11920,0.0022145509719848633
11921,0.0022145509719848633
11922,0.0022145509719848633
11923,0.0022145509719848633
11924,0.0022145509719848633
11925,0.0022145509719848633
11926,0.0022145509719848633
11927,0.0022145509719848633
11928,0.0022145509719848633
11929,0.0022145509719848633
11930,0.0022145509719848633
11931,0.0022145509719848633
11932,0.0022145509719848633
11933,0.0022145509719848633
11934,0.0022145509719848633
11935,0.0022145509719848633
11936,0.0022145509719848633
11937,0.0022145509719848633
11938,0.0022145509719848633
11939,0.0022145509719848633
11940,0.0022145509719848633
11941,0.0022145509719848633
11942,0.0022145509719848633
11943,0.0022145509719848633
11944,0.0022145509719848633
11945,0.0022145509719848633
11946,0.0022145509719848633
11947,0.0022145509719848633
11948,0.0022145509719848633
11949,0.0022145509719848633
11950,0.0022145509719848633
11951,0.0022145509719848633
11952,0.0022145509719848633
11953,0.0022145509719848633
11954,0.0022145509719848633
11955,0.0022145509719848633
11956,0.0022145509719848633
11957,0.0022145509719848633
11958,0.0022145509719848633
11959,0.0022145509719848633
11960,0.0022145509719848633
11961,0.0022145509719848633
11962,0.0022145509719848633
11963,0.0022145509719848633
11964,0.0022145509719848633
11965,0.0022145509719848633
11966,0.0022145509719848633
11967,0.0022145509719848633
11968,0.0022145509719848633
11969,0.0022145509719848633
11970,0.0022145509719848633
11971,0.0022145509719848633
11972,0.0022145509719848633
11973,0.0022145509719848633
11974,0.0022145509719848633
11975,0.0022145509719848633
11976,0.0022145509719848633
11977,0.0022145509719848633
11978,0.0022145509719848633
11979,0.0022145509719848633
11980,0.0022145509719848633
11981,0.0022145509719848633
11982,0.0022145509719848633
11983,0.0022145509719848633
11984,0.0022145509719848633
11985,0.0022145509719848633
11986,0.0022145509719848633
11987,0.0022145509719848633
11988,0.0022145509719848633
11989,0.0022145509719848633
11990,0.0022145509719848633
11991,0.0022145509719848633
11992,0.0022145509719848633
11993,0.0022145509719848633
11994,0.0022145509719848633
11995,0.0022145509719848633
11996,0.0022145509719848633
11997,0.0022145509719848633
11998,0.0022145509719848633
11999,0.0022145509719848633
12000,0.0022145509719848633
12001,0.0022145509719848633
12002,0.0022145509719848633
12003,0.0022145509719848633
12004,0.0022145509719848633
12005,0.0022145509719848633
12006,0.0022145509719848633
12007,0.0022145509719848633
12008,0.0022145509719848633
12009,0.0022145509719848633
12010,0.0022145509719848633
12011,0.0022145509719848633
12012,0.0022145509719848633
12013,0.0022145509719848633
12014,0.0022145509719848633
12015,0.0022145509719848633
12016,0.0022145509719848633
12017,0.0022145509719848633
12018,0.0022145509719848633
12019,0.0022145509719848633
12020,0.0022145509719848633
12021,0.0022145509719848633
12022,0.0022145509719848633
12023,0.0022145509719848633
12024,0.0022145509719848633
12025,0.0022145509719848633
12026,0.0022145509719848633
12027,0.0022145509719848633
12028,0.0022145509719848633
12029,0.0022145509719848633
12030,0.0022145509719848633
12031,0.0022145509719848633
12032,0.0022145509719848633
12033,0.0022145509719848633
12034,0.0022145509719848633
12035,0.0022145509719848633
12036,0.0022145509719848633
12037,0.0022145509719848633
12038,0.0022145509719848633
12039,0.0022145509719848633
12040,0.0022145509719848633
12041,0.0022145509719848633
12042,0.0022145509719848633
12043,0.0022145509719848633
12044,0.0022145509719848633
12045,0.0022145509719848633
12046,0.0022145509719848633
12047,0.0022145509719848633
12048,0.0022145509719848633
12049,0.0022145509719848633
12050,0.0022145509719848633
12051,0.0022145509719848633
12052,0.0022145509719848633
12053,0.0022145509719848633
12054,0.0022145509719848633
12055,0.0022145509719848633
12056,0.0022145509719848633
12057,0.0022145509719848633
12058,0.0022145509719848633
12059,0.0022145509719848633
12060,0.0022145509719848633
12061,0.0022145509719848633
12062,0.0022145509719848633
12063,0.0022145509719848633
12064,0.0022145509719848633
12065,0.0022145509719848633
12066,0.0022145509719848633
12067,0.0022145509719848633
12068,0.0022145509719848633
12069,0.0022145509719848633
12070,0.0022145509719848633
12071,0.0022145509719848633
12072,0.0022145509719848633
12073,0.0022145509719848633
12074,0.0022145509719848633
12075,0.0022145509719848633
12076,0.0022145509719848633
12077,0.0022145509719848633
12078,0.0022145509719848633
12079,0.0022145509719848633
12080,0.0022145509719848633
12081,0.0022145509719848633
12082,0.0022145509719848633
12083,0.0022145509719848633
12084,0.0022145509719848633
12085,0.0022145509719848633
12086,0.0022145509719848633
12087,0.0022145509719848633
12088,0.0022145509719848633
12089,0.0022145509719848633
12090,0.0022145509719848633
12091,0.0022145509719848633
12092,0.0022145509719848633
12093,0.0022145509719848633
12094,0.0022145509719848633
12095,0.0022145509719848633
12096,0.0022145509719848633
12097,0.0022145509719848633
12098,0.0022145509719848633
12099,0.0022145509719848633
12100,0.0022145509719848633
12101,0.0022145509719848633
12102,0.0022145509719848633
12103,0.0022145509719848633
12104,0.0022145509719848633
12105,0.0022145509719848633
12106,0.0022145509719848633
12107,0.0022145509719848633
12108,0.0022145509719848633
12109,0.0022145509719848633
12110,0.0022145509719848633
12111,0.0022145509719848633
12112,0.0022145509719848633
12113,0.0022145509719848633
12114,0.0022145509719848633
12115,0.0022145509719848633
12116,0.0022145509719848633
12117,0.0022145509719848633
12118,0.0022145509719848633
12119,0.0022145509719848633
12120,0.0022145509719848633
12121,0.0022145509719848633
12122,0.0022145509719848633
12123,0.0022145509719848633
12124,0.0022145509719848633
12125,0.0022145509719848633
12126,0.0022145509719848633
12127,0.0022145509719848633
12128,0.0022145509719848633
12129,0.0022145509719848633
12130,0.0022145509719848633
12131,0.0022145509719848633
12132,0.0022145509719848633
12133,0.0022145509719848633
12134,0.0022145509719848633
12135,0.0022145509719848633
12136,0.0022145509719848633
12137,0.0022145509719848633
12138,0.0022145509719848633
12139,0.0022145509719848633
12140,0.0022145509719848633
12141,0.0022145509719848633
12142,0.0022145509719848633
12143,0.0022145509719848633
12144,0.0022145509719848633
12145,0.0022145509719848633
12146,0.0022145509719848633
12147,0.0022145509719848633
12148,0.0022145509719848633
12149,0.0022145509719848633
12150,0.0022145509719848633
12151,0.0022145509719848633
12152,0.0022145509719848633
12153,0.0022145509719848633
12154,0.0022145509719848633
12155,0.0022145509719848633
12156,0.0022145509719848633
12157,0.0022145509719848633
12158,0.0022145509719848633
12159,0.0022145509719848633
12160,0.0022145509719848633
12161,0.0022145509719848633
12162,0.0022145509719848633
12163,0.0022145509719848633
12164,0.0022145509719848633
12165,0.0022145509719848633
12166,0.0022145509719848633
12167,0.0022145509719848633
12168,0.0022145509719848633
12169,0.0022145509719848633
12170,0.0022145509719848633
12171,0.0022145509719848633
12172,0.0022145509719848633
12173,0.0022145509719848633
12174,0.0022145509719848633
12175,0.0022145509719848633
12176,0.0022145509719848633
12177,0.0022145509719848633
12178,0.0022145509719848633
12179,0.0022145509719848633
12180,0.0022145509719848633
12181,0.0022145509719848633
12182,0.0022145509719848633
12183,0.0022145509719848633
12184,0.0022145509719848633
12185,0.0022145509719848633
12186,0.0022145509719848633
12187,0.0022145509719848633
12188,0.0022145509719848633
12189,0.0022145509719848633
12190,0.0022145509719848633
12191,0.0022145509719848633
12192,0.0022145509719848633
12193,0.0022145509719848633
12194,0.0022145509719848633
12195,0.0022145509719848633
12196,0.0022145509719848633
12197,0.0022145509719848633
12198,0.0022145509719848633
12199,0.0022145509719848633
12200,0.0022145509719848633
12201,0.0022145509719848633
12202,0.0022145509719848633
12203,0.0022145509719848633
12204,0.0022145509719848633
12205,0.0022145509719848633
12206,0.0022145509719848633
12207,0.0022145509719848633
12208,0.0022145509719848633
12209,0.0022145509719848633
12210,0.0022145509719848633
12211,0.0022145509719848633
12212,0.0022145509719848633
12213,0.0022145509719848633
12214,0.0022145509719848633
12215,0.0022145509719848633
12216,0.0022145509719848633
12217,0.0022145509719848633
12218,0.0022145509719848633
12219,0.0022145509719848633
12220,0.0022145509719848633
12221,0.0022145509719848633
12222,0.0022145509719848633
12223,0.0022145509719848633
12224,0.0022145509719848633
12225,0.0022145509719848633
12226,0.0022145509719848633
12227,0.0022145509719848633
12228,0.0022145509719848633
12229,0.0022145509719848633
12230,0.0022145509719848633
12231,0.0022145509719848633
12232,0.0022145509719848633
12233,0.0022145509719848633
12234,0.0022145509719848633
12235,0.0022145509719848633
12236,0.0022145509719848633
12237,0.0022145509719848633
12238,0.0022145509719848633
12239,0.0022145509719848633
12240,0.0022145509719848633
12241,0.0022145509719848633
12242,0.0022145509719848633
12243,0.0022145509719848633
12244,0.0022145509719848633
12245,0.0022145509719848633
12246,0.0022145509719848633
12247,0.0022145509719848633
12248,0.0022145509719848633
12249,0.0022145509719848633
12250,0.0022145509719848633
12251,0.0022145509719848633
12252,0.0022145509719848633
12253,0.0022145509719848633
12254,0.0022145509719848633
12255,0.0022145509719848633
12256,0.0022145509719848633
12257,0.0022145509719848633
12258,0.0022145509719848633
12259,0.0022145509719848633
12260,0.0022145509719848633
12261,0.0022145509719848633
12262,0.0022145509719848633
12263,0.0022145509719848633
12264,0.0022145509719848633
12265,0.0022145509719848633
12266,0.0022145509719848633
12267,0.0022145509719848633
12268,0.0022145509719848633
12269,0.0022145509719848633
12270,0.0022145509719848633
12271,0.0022145509719848633
12272,0.0022145509719848633
12273,0.0022145509719848633
12274,0.0022145509719848633
12275,0.0022145509719848633
12276,0.0022145509719848633
12277,0.0022145509719848633
12278,0.0022145509719848633
12279,0.0022145509719848633
12280,0.0022145509719848633
12281,0.0022145509719848633
12282,0.0022145509719848633
12283,0.0022145509719848633
12284,0.0022145509719848633
12285,0.0022145509719848633
12286,0.0022145509719848633
12287,0.0022145509719848633
12288,0.0022145509719848633
12289,0.0022145509719848633
12290,0.0022145509719848633
12291,0.0022145509719848633
12292,0.0022145509719848633
12293,0.0022145509719848633
12294,0.0022145509719848633
12295,0.0022145509719848633
12296,0.0022145509719848633
12297,0.0022145509719848633
12298,0.0022145509719848633
12299,0.0022145509719848633
12300,0.0022145509719848633
12301,0.0022145509719848633
12302,0.0022145509719848633
12303,0.0022145509719848633
12304,0.0022145509719848633
12305,0.0022145509719848633
12306,0.0022145509719848633
12307,0.0022145509719848633
12308,0.0022145509719848633
12309,0.0022145509719848633
12310,0.0022145509719848633
12311,0.0022145509719848633
12312,0.0022145509719848633
12313,0.0022145509719848633
12314,0.0022145509719848633
12315,0.0022145509719848633
12316,0.0022145509719848633
12317,0.0022145509719848633
12318,0.0022145509719848633
12319,0.0022145509719848633
12320,0.0022145509719848633
12321,0.0022145509719848633
12322,0.0022145509719848633
12323,0.0022145509719848633
12324,0.0022145509719848633
12325,0.0022145509719848633
12326,0.0022145509719848633
12327,0.0022145509719848633
12328,0.0022145509719848633
12329,0.0022145509719848633
12330,0.0022145509719848633
12331,0.0022145509719848633
12332,0.0022145509719848633
12333,0.0022145509719848633
12334,0.0022145509719848633
12335,0.0022145509719848633
12336,0.0022145509719848633
12337,0.0022145509719848633
12338,0.0022145509719848633
12339,0.0022145509719848633
12340,0.0022145509719848633
12341,0.0022145509719848633
12342,0.0022145509719848633
12343,0.0022145509719848633
12344,0.0022145509719848633
12345,0.0022145509719848633
12346,0.0022145509719848633
12347,0.0022145509719848633
12348,0.0022145509719848633
12349,0.0022145509719848633
12350,0.0022145509719848633
12351,0.0022145509719848633
12352,0.0022145509719848633
12353,0.0022145509719848633
12354,0.0022145509719848633
12355,0.0022145509719848633
12356,0.0022145509719848633
12357,0.0022145509719848633
12358,0.0022145509719848633
12359,0.0022145509719848633
12360,0.0022145509719848633
12361,0.0022145509719848633
12362,0.0022145509719848633
12363,0.0022145509719848633
12364,0.0022145509719848633
12365,0.0022145509719848633
12366,0.0022145509719848633
12367,0.0022145509719848633
12368,0.0022145509719848633
12369,0.0022145509719848633
12370,0.0022145509719848633
12371,0.0022145509719848633
12372,0.0022145509719848633
12373,0.0022145509719848633
12374,0.0022145509719848633
12375,0.0022145509719848633
12376,0.0022145509719848633
12377,0.0022145509719848633
12378,0.0022145509719848633
12379,0.0022145509719848633
12380,0.0022145509719848633
12381,0.0022145509719848633
12382,0.0022145509719848633
12383,0.0022145509719848633
12384,0.0022145509719848633
12385,0.0022145509719848633
12386,0.0022145509719848633
12387,0.0022145509719848633
12388,0.0022145509719848633
12389,0.0022145509719848633
12390,0.0022145509719848633
12391,0.0022145509719848633
12392,0.0022145509719848633
12393,0.0022145509719848633
12394,0.0022145509719848633
12395,0.0022145509719848633
12396,0.0022145509719848633
12397,0.0022145509719848633
12398,0.0022145509719848633
12399,0.0022145509719848633
12400,0.0022145509719848633
12401,0.0022145509719848633
12402,0.0022145509719848633
12403,0.0022145509719848633
12404,0.0022145509719848633
12405,0.0022145509719848633
12406,0.0022145509719848633
12407,0.0022145509719848633
12408,0.0022145509719848633
12409,0.0022145509719848633
12410,0.0022145509719848633
12411,0.0022145509719848633
12412,0.0022145509719848633
12413,0.0022145509719848633
12414,0.0022145509719848633
12415,0.0022145509719848633
12416,0.0022145509719848633
12417,0.0022145509719848633
12418,0.0022145509719848633
12419,0.0022145509719848633
12420,0.0022145509719848633
12421,0.0022145509719848633
12422,0.0022145509719848633
12423,0.0022145509719848633
12424,0.0022145509719848633
12425,0.0022145509719848633
12426,0.0022145509719848633
12427,0.0022145509719848633
12428,0.0022145509719848633
12429,0.0022145509719848633
12430,0.0022145509719848633
12431,0.0022145509719848633
12432,0.0022145509719848633
12433,0.0022145509719848633
12434,0.0022145509719848633
12435,0.0022145509719848633
12436,0.0022145509719848633
12437,0.0022145509719848633
12438,0.0022145509719848633
12439,0.0022145509719848633
12440,0.0022145509719848633
12441,0.0022145509719848633
12442,0.0022145509719848633
12443,0.0022145509719848633
12444,0.0022145509719848633
12445,0.0022145509719848633
12446,0.0022145509719848633
12447,0.0022145509719848633
12448,0.0022145509719848633
12449,0.0022145509719848633
12450,0.0022145509719848633
12451,0.0022145509719848633
12452,0.0022145509719848633
12453,0.0022145509719848633
12454,0.0022145509719848633
12455,0.0022145509719848633
12456,0.0022145509719848633
12457,0.0022145509719848633
12458,0.0022145509719848633
12459,0.0022145509719848633
12460,0.0022145509719848633
12461,0.0022145509719848633
12462,0.0022145509719848633
12463,0.0022145509719848633
12464,0.0022145509719848633
12465,0.0022145509719848633
12466,0.0022145509719848633
12467,0.0022145509719848633
12468,0.0022145509719848633
12469,0.0022145509719848633
12470,0.0022145509719848633
12471,0.0022145509719848633
12472,0.0022145509719848633
12473,0.0022145509719848633
12474,0.0022145509719848633
12475,0.0022145509719848633
12476,0.0022145509719848633
12477,0.0022145509719848633
12478,0.0022145509719848633
12479,0.0022145509719848633
12480,0.0022145509719848633
12481,0.0022145509719848633
12482,0.0022145509719848633
12483,0.0022145509719848633
12484,0.0022145509719848633
12485,0.0022145509719848633
12486,0.0022145509719848633
12487,0.0022145509719848633
12488,0.0022145509719848633
12489,0.0022145509719848633
12490,0.0022145509719848633
12491,0.0022145509719848633
12492,0.0022145509719848633
12493,0.0022145509719848633
12494,0.0022145509719848633
12495,0.0022145509719848633
12496,0.0022145509719848633
12497,0.0022145509719848633
12498,0.0022145509719848633
12499,0.0022145509719848633
12500,0.0022145509719848633
12501,0.0022145509719848633
12502,0.0022145509719848633
12503,0.0022145509719848633
12504,0.0022145509719848633
12505,0.0022145509719848633
12506,0.0022145509719848633
12507,0.0022145509719848633
12508,0.0022145509719848633
12509,0.0022145509719848633
12510,0.0022145509719848633
12511,0.0022145509719848633
12512,0.0022145509719848633
12513,0.0022145509719848633
12514,0.0022145509719848633
12515,0.0022145509719848633
12516,0.0022145509719848633
12517,0.0022145509719848633
12518,0.0022145509719848633
12519,0.0022145509719848633
12520,0.0022145509719848633
12521,0.0022145509719848633
12522,0.0022145509719848633
12523,0.0022145509719848633
12524,0.0022145509719848633
12525,0.0022145509719848633
12526,0.0022145509719848633
12527,0.0022145509719848633
12528,0.0022145509719848633
12529,0.0022145509719848633
12530,0.0022145509719848633
12531,0.0022145509719848633
12532,0.0022145509719848633
12533,0.0022145509719848633
12534,0.0022145509719848633
12535,0.0022145509719848633
12536,0.0022145509719848633
12537,0.0022145509719848633
12538,0.0022145509719848633
12539,0.0022145509719848633
12540,0.0022145509719848633
12541,0.0022145509719848633
12542,0.0022145509719848633
12543,0.0022145509719848633
12544,0.0022145509719848633
12545,0.0022145509719848633
12546,0.0022145509719848633
12547,0.0022145509719848633
12548,0.0022145509719848633
12549,0.0022145509719848633
12550,0.0022145509719848633
12551,0.0022145509719848633
12552,0.0022145509719848633
12553,0.0022145509719848633
12554,0.0022145509719848633
12555,0.0022145509719848633
12556,0.0022145509719848633
12557,0.0022145509719848633
12558,0.0022145509719848633
12559,0.0022145509719848633
12560,0.0022145509719848633
12561,0.0022145509719848633
12562,0.0022145509719848633
12563,0.0022145509719848633
12564,0.0022145509719848633
12565,0.0022145509719848633
12566,0.0022145509719848633
12567,0.0022145509719848633
12568,0.0022145509719848633
12569,0.0022145509719848633
12570,0.0022145509719848633
12571,0.0022145509719848633
12572,0.0022145509719848633
12573,0.0022145509719848633
12574,0.0022145509719848633
12575,0.0022145509719848633
12576,0.0022145509719848633
12577,0.0022145509719848633
12578,0.0022145509719848633
12579,0.0022145509719848633
12580,0.0022145509719848633
12581,0.0022145509719848633
12582,0.0022145509719848633
12583,0.0022145509719848633
12584,0.0022145509719848633
12585,0.0022145509719848633
12586,0.0022145509719848633
12587,0.0022145509719848633
12588,0.0022145509719848633
12589,0.0022145509719848633
12590,0.0022145509719848633
12591,0.0022145509719848633
12592,0.0022145509719848633
12593,0.0022145509719848633
12594,0.0022145509719848633
12595,0.0022145509719848633
12596,0.0022145509719848633
12597,0.0022145509719848633
12598,0.0022145509719848633
12599,0.0022145509719848633
12600,0.0022145509719848633
12601,0.0022145509719848633
12602,0.0022145509719848633
12603,0.0022145509719848633
12604,0.0022145509719848633
12605,0.0022145509719848633
12606,0.0022145509719848633
12607,0.0022145509719848633
12608,0.0022145509719848633
12609,0.0022145509719848633
12610,0.0022145509719848633
12611,0.0022145509719848633
12612,0.0022145509719848633
12613,0.0022145509719848633
12614,0.0022145509719848633
12615,0.0022145509719848633
12616,0.0022145509719848633
12617,0.0022145509719848633
12618,0.0022145509719848633
12619,0.0022145509719848633
12620,0.0022145509719848633
12621,0.0022145509719848633
12622,0.0022145509719848633
12623,0.0022145509719848633
12624,0.0022145509719848633
12625,0.0022145509719848633
12626,0.0022145509719848633
12627,0.0022145509719848633
12628,0.0022145509719848633
12629,0.0022145509719848633
12630,0.0022145509719848633
12631,0.0022145509719848633
12632,0.0022145509719848633
12633,0.0022145509719848633
12634,0.0022145509719848633
12635,0.0022145509719848633
12636,0.0022145509719848633
12637,0.0022145509719848633
12638,0.0022145509719848633
12639,0.0022145509719848633
12640,0.0022145509719848633
12641,0.0022145509719848633
12642,0.0022145509719848633
12643,0.0022145509719848633
12644,0.0022145509719848633
12645,0.0022145509719848633
12646,0.0022145509719848633
12647,0.0022145509719848633
12648,0.0022145509719848633
12649,0.0022145509719848633
12650,0.0022145509719848633
12651,0.0022145509719848633
12652,0.0022145509719848633
12653,0.0022145509719848633
12654,0.0022145509719848633
12655,0.0022145509719848633
12656,0.0022145509719848633
12657,0.0022145509719848633
12658,0.0022145509719848633
12659,0.0022145509719848633
12660,0.0022145509719848633
12661,0.0022145509719848633
12662,0.0022145509719848633
12663,0.0022145509719848633
12664,0.0022145509719848633
12665,0.0022145509719848633
12666,0.0022145509719848633
12667,0.0022145509719848633
12668,0.0022145509719848633
12669,0.0022145509719848633
12670,0.0022145509719848633
12671,0.0022145509719848633
12672,0.0022145509719848633
12673,0.0022145509719848633
12674,0.0022145509719848633
12675,0.0022145509719848633
12676,0.0022145509719848633
12677,0.0022145509719848633
12678,0.0022145509719848633
12679,0.0022145509719848633
12680,0.0022145509719848633
12681,0.0022145509719848633
12682,0.0022145509719848633
12683,0.0022145509719848633
12684,0.0022145509719848633
12685,0.0022145509719848633
12686,0.0022145509719848633
12687,0.0022145509719848633
12688,0.0022145509719848633
12689,0.0022145509719848633
12690,0.0022145509719848633
12691,0.0022145509719848633
12692,0.0022145509719848633
12693,0.0022145509719848633
12694,0.0022145509719848633
12695,0.0022145509719848633
12696,0.0022145509719848633
12697,0.0022145509719848633
12698,0.0022145509719848633
12699,0.0022145509719848633
12700,0.0022145509719848633
12701,0.0022145509719848633
12702,0.0022145509719848633
12703,0.0022145509719848633
12704,0.0022145509719848633
12705,0.0022145509719848633
12706,0.0022145509719848633
12707,0.0022145509719848633
12708,0.0022145509719848633
12709,0.0022145509719848633
12710,0.0022145509719848633
12711,0.0022145509719848633
12712,0.0022145509719848633
12713,0.0022145509719848633
12714,0.0022145509719848633
12715,0.0022145509719848633
12716,0.0022145509719848633
12717,0.0022145509719848633
12718,0.0022145509719848633
12719,0.0022145509719848633
12720,0.0022145509719848633
12721,0.0022145509719848633
12722,0.0022145509719848633
12723,0.0022145509719848633
12724,0.0022145509719848633
12725,0.0022145509719848633
12726,0.0022145509719848633
12727,0.0022145509719848633
12728,0.0022145509719848633
12729,0.0022145509719848633
12730,0.0022145509719848633
12731,0.0022145509719848633
12732,0.0022145509719848633
12733,0.0022145509719848633
12734,0.0022145509719848633
12735,0.0022145509719848633
12736,0.0022145509719848633
12737,0.0022145509719848633
12738,0.0022145509719848633
12739,0.0022145509719848633
12740,0.0022145509719848633
12741,0.0022145509719848633
12742,0.0022145509719848633
12743,0.0022145509719848633
12744,0.0022145509719848633
12745,0.0022145509719848633
12746,0.0022145509719848633
12747,0.0022145509719848633
12748,0.0022145509719848633
12749,0.0022145509719848633
12750,0.0022145509719848633
12751,0.0022145509719848633
12752,0.0022145509719848633
12753,0.0022145509719848633
12754,0.0022145509719848633
12755,0.0022145509719848633
12756,0.0022145509719848633
12757,0.0022145509719848633
12758,0.0022145509719848633
12759,0.0022145509719848633
12760,0.0022145509719848633
12761,0.0022145509719848633
12762,0.0022145509719848633
12763,0.0022145509719848633
12764,0.0022145509719848633
12765,0.0022145509719848633
12766,0.0022145509719848633
12767,0.0022145509719848633
12768,0.0022145509719848633
12769,0.0022145509719848633
12770,0.0022145509719848633
12771,0.0022145509719848633
12772,0.0022145509719848633
12773,0.0022145509719848633
12774,0.0022145509719848633
12775,0.0022145509719848633
12776,0.0022145509719848633
12777,0.0022145509719848633
12778,0.0022145509719848633
12779,0.0022145509719848633
12780,0.0022145509719848633
12781,0.0022145509719848633
12782,0.0022145509719848633
12783,0.0022145509719848633
12784,0.0022145509719848633
12785,0.0022145509719848633
12786,0.0022145509719848633
12787,0.0022145509719848633
12788,0.0022145509719848633
12789,0.0022145509719848633
12790,0.0022145509719848633
12791,0.0022145509719848633
12792,0.0022145509719848633
12793,0.0022145509719848633
12794,0.0022145509719848633
12795,0.0022145509719848633
12796,0.0022145509719848633
12797,0.0022145509719848633
12798,0.0022145509719848633
12799,0.0022145509719848633
12800,0.0022145509719848633
12801,0.0022145509719848633
12802,0.0022145509719848633
12803,0.0022145509719848633
12804,0.0022145509719848633
12805,0.0022145509719848633
12806,0.0022145509719848633
12807,0.0022145509719848633
12808,0.0022145509719848633
12809,0.0022145509719848633
12810,0.0022145509719848633
12811,0.0022145509719848633
12812,0.0022145509719848633
12813,0.0022145509719848633
12814,0.0022145509719848633
12815,0.0022145509719848633
12816,0.0022145509719848633
12817,0.0022145509719848633
12818,0.0022145509719848633
12819,0.0022145509719848633
12820,0.0022145509719848633
12821,0.0022145509719848633
12822,0.0022145509719848633
12823,0.0022145509719848633
12824,0.0022145509719848633
12825,0.0022145509719848633
12826,0.0022145509719848633
12827,0.0022145509719848633
12828,0.0022145509719848633
12829,0.0022145509719848633
12830,0.0022145509719848633
12831,0.0022145509719848633
12832,0.0022145509719848633
12833,0.0022145509719848633
12834,0.0022145509719848633
12835,0.0022145509719848633
12836,0.0022145509719848633
12837,0.0022145509719848633
12838,0.0022145509719848633
12839,0.0022145509719848633
12840,0.0022145509719848633
12841,0.0022145509719848633
12842,0.0022145509719848633
12843,0.0022145509719848633
12844,0.0022145509719848633
12845,0.0022145509719848633
12846,0.0022145509719848633
12847,0.0022145509719848633
12848,0.0022145509719848633
12849,0.0022145509719848633
12850,0.0022145509719848633
12851,0.0022145509719848633
12852,0.0022145509719848633
12853,0.0022145509719848633
12854,0.0022145509719848633
12855,0.0022145509719848633
12856,0.0022145509719848633
12857,0.0022145509719848633
12858,0.0022145509719848633
12859,0.0022145509719848633
12860,0.0022145509719848633
12861,0.0022145509719848633
12862,0.0022145509719848633
12863,0.0022145509719848633
12864,0.0022145509719848633
12865,0.0022145509719848633
12866,0.0022145509719848633
12867,0.0022145509719848633
12868,0.0022145509719848633
12869,0.0022145509719848633
12870,0.0022145509719848633
12871,0.0022145509719848633
12872,0.0022145509719848633
12873,0.0022145509719848633
12874,0.0022145509719848633
12875,0.0022145509719848633
12876,0.0022145509719848633
12877,0.0022145509719848633
12878,0.0022145509719848633
12879,0.0022145509719848633
12880,0.0022145509719848633
12881,0.0022145509719848633
12882,0.0022145509719848633
12883,0.0022145509719848633
12884,0.0022145509719848633
12885,0.0022145509719848633
12886,0.0022145509719848633
12887,0.0022145509719848633
12888,0.0022145509719848633
12889,0.0022145509719848633
12890,0.0022145509719848633
12891,0.0022145509719848633
12892,0.0022145509719848633
12893,0.0022145509719848633
12894,0.0022145509719848633
12895,0.0022145509719848633
12896,0.0022145509719848633
12897,0.0022145509719848633
12898,0.0022145509719848633
12899,0.0022145509719848633
12900,0.0022145509719848633
12901,0.0022145509719848633
12902,0.0022145509719848633
12903,0.0022145509719848633
12904,0.0022145509719848633
12905,0.0022145509719848633
12906,0.0022145509719848633
12907,0.0022145509719848633
12908,0.0022145509719848633
12909,0.0022145509719848633
12910,0.0022145509719848633
12911,0.0022145509719848633
12912,0.0022145509719848633
12913,0.0022145509719848633
12914,0.0022145509719848633
12915,0.0022145509719848633
12916,0.0022145509719848633
12917,0.0022145509719848633
12918,0.0022145509719848633
12919,0.0022145509719848633
12920,0.0022145509719848633
12921,0.0022145509719848633
12922,0.0022145509719848633
12923,0.0022145509719848633
12924,0.0022145509719848633
12925,0.0022145509719848633
12926,0.0022145509719848633
12927,0.0022145509719848633
12928,0.0022145509719848633
12929,0.0022145509719848633
12930,0.0022145509719848633
12931,0.0022145509719848633
12932,0.0022145509719848633
12933,0.0022145509719848633
12934,0.0022145509719848633
12935,0.0022145509719848633
12936,0.0022145509719848633
12937,0.0022145509719848633
12938,0.0022145509719848633
12939,0.0022145509719848633
12940,0.0022145509719848633
12941,0.0022145509719848633
12942,0.0022145509719848633
12943,0.0022145509719848633
12944,0.0022145509719848633
12945,0.0022145509719848633
12946,0.0022145509719848633
12947,0.0022145509719848633
12948,0.0022145509719848633
12949,0.0022145509719848633
12950,0.0022145509719848633
12951,0.0022145509719848633
12952,0.0022145509719848633
12953,0.0022145509719848633
12954,0.0022145509719848633
12955,0.0022145509719848633
12956,0.0022145509719848633
12957,0.0022145509719848633
12958,0.0022145509719848633
12959,0.0022145509719848633
12960,0.0022145509719848633
12961,0.0022145509719848633
12962,0.0022145509719848633
12963,0.0022145509719848633
12964,0.0022145509719848633
12965,0.0022145509719848633
12966,0.0022145509719848633
12967,0.0022145509719848633
12968,0.0022145509719848633
12969,0.0022145509719848633
12970,0.0022145509719848633
12971,0.0022145509719848633
12972,0.0022145509719848633
12973,0.0022145509719848633
12974,0.0022145509719848633
12975,0.0022145509719848633
12976,0.0022145509719848633
12977,0.0022145509719848633
12978,0.0022145509719848633
12979,0.0022145509719848633
12980,0.0022145509719848633
12981,0.0022145509719848633
12982,0.0022145509719848633
12983,0.0022145509719848633
12984,0.0022145509719848633
12985,0.0022145509719848633
12986,0.0022145509719848633
12987,0.0022145509719848633
12988,0.0022145509719848633
12989,0.0022145509719848633
12990,0.0022145509719848633
12991,0.0022145509719848633
12992,0.0022145509719848633
12993,0.0022145509719848633
12994,0.0022145509719848633
12995,0.0022145509719848633
12996,0.0022145509719848633
12997,0.0022145509719848633
12998,0.0022145509719848633
12999,0.0022145509719848633
13000,0.0022145509719848633
13001,0.0022145509719848633
13002,0.0022145509719848633
13003,0.0022145509719848633
13004,0.0022145509719848633
13005,0.0022145509719848633
13006,0.0022145509719848633
13007,0.0022145509719848633
13008,0.0022145509719848633
13009,0.0022145509719848633
13010,0.0022145509719848633
13011,0.0022145509719848633
13012,0.0022145509719848633
13013,0.0022145509719848633
13014,0.0022145509719848633
13015,0.0022145509719848633
13016,0.0022145509719848633
13017,0.0022145509719848633
13018,0.0022145509719848633
13019,0.0022145509719848633
13020,0.0022145509719848633
13021,0.0022145509719848633
13022,0.0022145509719848633
13023,0.0022145509719848633
13024,0.0022145509719848633
13025,0.0022145509719848633
13026,0.0022145509719848633
13027,0.0022145509719848633
13028,0.0022145509719848633
13029,0.0022145509719848633
13030,0.0022145509719848633
13031,0.0022145509719848633
13032,0.0022145509719848633
13033,0.0022145509719848633
13034,0.0022145509719848633
13035,0.0022145509719848633
13036,0.0022145509719848633
13037,0.0022145509719848633
13038,0.0022145509719848633
13039,0.0022145509719848633
13040,0.0022145509719848633
13041,0.0022145509719848633
13042,0.0022145509719848633
13043,0.0022145509719848633
13044,0.0022145509719848633
13045,0.0022145509719848633
13046,0.0022145509719848633
13047,0.0022145509719848633
13048,0.0022145509719848633
13049,0.0022145509719848633
13050,0.0022145509719848633
13051,0.0022145509719848633
13052,0.0022145509719848633
13053,0.0022145509719848633
13054,0.0022145509719848633
13055,0.0022145509719848633
13056,0.0022145509719848633
13057,0.0022145509719848633
13058,0.0022145509719848633
13059,0.0022145509719848633
13060,0.0022145509719848633
13061,0.0022145509719848633
13062,0.0022145509719848633
13063,0.0022145509719848633
13064,0.0022145509719848633
13065,0.0022145509719848633
13066,0.0022145509719848633
13067,0.0022145509719848633
13068,0.0022145509719848633
13069,0.0022145509719848633
13070,0.0022145509719848633
13071,0.0022145509719848633
13072,0.0022145509719848633
13073,0.0022145509719848633
13074,0.0022145509719848633
13075,0.0022145509719848633
13076,0.0022145509719848633
13077,0.0022145509719848633
13078,0.0022145509719848633
13079,0.0022145509719848633
13080,0.0022145509719848633
13081,0.0022145509719848633
13082,0.0022145509719848633
13083,0.0022145509719848633
13084,0.0022145509719848633
13085,0.0022145509719848633
13086,0.0022145509719848633
13087,0.0022145509719848633
13088,0.0022145509719848633
13089,0.0022145509719848633
13090,0.0022145509719848633
13091,0.0022145509719848633
13092,0.0022145509719848633
13093,0.0022145509719848633
13094,0.0022145509719848633
13095,0.0022145509719848633
13096,0.0022145509719848633
13097,0.0022145509719848633
13098,0.0022145509719848633
13099,0.0022145509719848633
13100,0.0022145509719848633
13101,0.0022145509719848633
13102,0.0022145509719848633
13103,0.0022145509719848633
13104,0.0022145509719848633
13105,0.0022145509719848633
13106,0.0022145509719848633
13107,0.0022145509719848633
13108,0.0022145509719848633
13109,0.0022145509719848633
13110,0.0022145509719848633
13111,0.0022145509719848633
13112,0.0022145509719848633
13113,0.0022145509719848633
13114,0.0022145509719848633
13115,0.0022145509719848633
13116,0.0022145509719848633
13117,0.0022145509719848633
13118,0.0022145509719848633
13119,0.0022145509719848633
13120,0.0022145509719848633
13121,0.0022145509719848633
13122,0.0022145509719848633
13123,0.0022145509719848633
13124,0.0022145509719848633
13125,0.0022145509719848633
13126,0.0022145509719848633
13127,0.0022145509719848633
13128,0.0022145509719848633
13129,0.0022145509719848633
13130,0.0022145509719848633
13131,0.0022145509719848633
13132,0.0022145509719848633
13133,0.0022145509719848633
13134,0.0022145509719848633
13135,0.0022145509719848633
13136,0.0022145509719848633
13137,0.0022145509719848633
13138,0.0022145509719848633
13139,0.0022145509719848633
13140,0.0022145509719848633
13141,0.0022145509719848633
13142,0.0022145509719848633
13143,0.0022145509719848633
13144,0.0022145509719848633
13145,0.0022145509719848633
13146,0.0022145509719848633
13147,0.0022145509719848633
13148,0.0022145509719848633
13149,0.0022145509719848633
13150,0.0022145509719848633
13151,0.0022145509719848633
13152,0.0022145509719848633
13153,0.0022145509719848633
13154,0.0022145509719848633
13155,0.0022145509719848633
13156,0.0022145509719848633
13157,0.0022145509719848633
13158,0.0022145509719848633
13159,0.0022145509719848633
13160,0.0022145509719848633
13161,0.0022145509719848633
13162,0.0022145509719848633
13163,0.0022145509719848633
13164,0.0022145509719848633
13165,0.0022145509719848633
13166,0.0022145509719848633
13167,0.0022145509719848633
13168,0.0022145509719848633
13169,0.0022145509719848633
13170,0.0022145509719848633
13171,0.0022145509719848633
13172,0.0022145509719848633
13173,0.0022145509719848633
13174,0.0022145509719848633
13175,0.0022145509719848633
13176,0.0022145509719848633
13177,0.0022145509719848633
13178,0.0022145509719848633
13179,0.0022145509719848633
13180,0.0022145509719848633
13181,0.0022145509719848633
13182,0.0022145509719848633
13183,0.0022145509719848633
13184,0.0022145509719848633
13185,0.0022145509719848633
13186,0.0022145509719848633
13187,0.0022145509719848633
13188,0.0022145509719848633
13189,0.0022145509719848633
13190,0.0022145509719848633
13191,0.0022145509719848633
13192,0.0022145509719848633
13193,0.0022145509719848633
13194,0.0022145509719848633
13195,0.0022145509719848633
13196,0.0022145509719848633
13197,0.0022145509719848633
13198,0.0022145509719848633
13199,0.0022145509719848633
13200,0.0022145509719848633
13201,0.0022145509719848633
13202,0.0022145509719848633
13203,0.0022145509719848633
13204,0.0022145509719848633
13205,0.0022145509719848633
13206,0.0022145509719848633
13207,0.0022145509719848633
13208,0.0022145509719848633
13209,0.0022145509719848633
13210,0.0022145509719848633
13211,0.0022145509719848633
13212,0.0022145509719848633
13213,0.0022145509719848633
13214,0.0022145509719848633
13215,0.0022145509719848633
13216,0.0022145509719848633
13217,0.0022145509719848633
13218,0.0022145509719848633
13219,0.0022145509719848633
13220,0.0022145509719848633
13221,0.0022145509719848633
13222,0.0022145509719848633
13223,0.0022145509719848633
13224,0.0022145509719848633
13225,0.0022145509719848633
13226,0.0022145509719848633
13227,0.0022145509719848633
13228,0.0022145509719848633
13229,0.0022145509719848633
13230,0.0022145509719848633
13231,0.0022145509719848633
13232,0.0022145509719848633
13233,0.0022145509719848633
13234,0.0022145509719848633
13235,0.0022145509719848633
13236,0.0022145509719848633
13237,0.0022145509719848633
13238,0.0022145509719848633
13239,0.0022145509719848633
13240,0.0022145509719848633
13241,0.0022145509719848633
13242,0.0022145509719848633
13243,0.0022145509719848633
13244,0.0022145509719848633
13245,0.0022145509719848633
13246,0.0022145509719848633
13247,0.0022145509719848633
13248,0.0022145509719848633
13249,0.0022145509719848633
13250,0.0022145509719848633
13251,0.0022145509719848633
13252,0.0022145509719848633
13253,0.0022145509719848633
13254,0.0022145509719848633
13255,0.0022145509719848633
13256,0.0022145509719848633
13257,0.0022145509719848633
13258,0.0022145509719848633
13259,0.0022145509719848633
13260,0.0022145509719848633
13261,0.0022145509719848633
13262,0.0022145509719848633
13263,0.0022145509719848633
13264,0.0022145509719848633
13265,0.0022145509719848633
13266,0.0022145509719848633
13267,0.0022145509719848633
13268,0.0022145509719848633
13269,0.0022145509719848633
13270,0.0022145509719848633
13271,0.0022145509719848633
13272,0.0022145509719848633
13273,0.0022145509719848633
13274,0.0022145509719848633
13275,0.0022145509719848633
13276,0.0022145509719848633
13277,0.0022145509719848633
13278,0.0022145509719848633
13279,0.0022145509719848633
13280,0.0022145509719848633
13281,0.0022145509719848633
13282,0.0022145509719848633
13283,0.0022145509719848633
13284,0.0022145509719848633
13285,0.0022145509719848633
13286,0.0022145509719848633
13287,0.0022145509719848633
13288,0.0022145509719848633
13289,0.0022145509719848633
13290,0.0022145509719848633
13291,0.0022145509719848633
13292,0.0022145509719848633
13293,0.0022145509719848633
13294,0.0022145509719848633
13295,0.0022145509719848633
13296,0.0022145509719848633
13297,0.0022145509719848633
13298,0.0022145509719848633
13299,0.0022145509719848633
13300,0.0022145509719848633
13301,0.0022145509719848633
13302,0.0022145509719848633
13303,0.0022145509719848633
13304,0.0022145509719848633
13305,0.0022145509719848633
13306,0.0022145509719848633
13307,0.0022145509719848633
13308,0.0022145509719848633
13309,0.0022145509719848633
13310,0.0022145509719848633
13311,0.0022145509719848633
13312,0.0022145509719848633
13313,0.0022145509719848633
13314,0.0022145509719848633
13315,0.0022145509719848633
13316,0.0022145509719848633
13317,0.0022145509719848633
13318,0.0022145509719848633
13319,0.0022145509719848633
13320,0.0022145509719848633
13321,0.0022145509719848633
13322,0.0022145509719848633
13323,0.0022145509719848633
13324,0.0022145509719848633
13325,0.0022145509719848633
13326,0.0022145509719848633
13327,0.0022145509719848633
13328,0.0022145509719848633
13329,0.0022145509719848633
13330,0.0022145509719848633
13331,0.0022145509719848633
13332,0.0022145509719848633
13333,0.0022145509719848633
13334,0.0022145509719848633
13335,0.0022145509719848633
13336,0.0022145509719848633
13337,0.0022145509719848633
13338,0.0022145509719848633
13339,0.0022145509719848633
13340,0.0022145509719848633
13341,0.0022145509719848633
13342,0.0022145509719848633
13343,0.0022145509719848633
13344,0.0022145509719848633
13345,0.0022145509719848633
13346,0.0022145509719848633
13347,0.0022145509719848633
13348,0.0022145509719848633
13349,0.0022145509719848633
13350,0.0022145509719848633
13351,0.0022145509719848633
13352,0.0022145509719848633
13353,0.0022145509719848633
13354,0.0022145509719848633
13355,0.0022145509719848633
13356,0.0022145509719848633
13357,0.0022145509719848633
13358,0.0022145509719848633
13359,0.0022145509719848633
13360,0.0022145509719848633
13361,0.0022145509719848633
13362,0.0022145509719848633
13363,0.0022145509719848633
13364,0.0022145509719848633
13365,0.0022145509719848633
13366,0.0022145509719848633
13367,0.0022145509719848633
13368,0.0022145509719848633
13369,0.0022145509719848633
13370,0.0022145509719848633
13371,0.0022145509719848633
13372,0.0022145509719848633
13373,0.0022145509719848633
13374,0.0022145509719848633
13375,0.0022145509719848633
13376,0.0022145509719848633
13377,0.0022145509719848633
13378,0.0022145509719848633
13379,0.0022145509719848633
13380,0.0022145509719848633
13381,0.0022145509719848633
13382,0.0022145509719848633
13383,0.0022145509719848633
13384,0.0022145509719848633
13385,0.0022145509719848633
13386,0.0022145509719848633
13387,0.0022145509719848633
13388,0.0022145509719848633
13389,0.0022145509719848633
13390,0.0022145509719848633
13391,0.0022145509719848633
13392,0.0022145509719848633
13393,0.0022145509719848633
13394,0.0022145509719848633
13395,0.0022145509719848633
13396,0.0022145509719848633
13397,0.0022145509719848633
13398,0.0022145509719848633
13399,0.0022145509719848633
13400,0.0022145509719848633
13401,0.0022145509719848633
13402,0.0022145509719848633
13403,0.0022145509719848633
13404,0.0022145509719848633
13405,0.0022145509719848633
13406,0.0022145509719848633
13407,0.0022145509719848633
13408,0.0022145509719848633
13409,0.0022145509719848633
13410,0.0022145509719848633
13411,0.0022145509719848633
13412,0.0022145509719848633
13413,0.0022145509719848633
13414,0.0022145509719848633
13415,0.0022145509719848633
13416,0.0022145509719848633
13417,0.0022145509719848633
13418,0.0022145509719848633
13419,0.0022145509719848633
13420,0.0022145509719848633
13421,0.0022145509719848633
13422,0.0022145509719848633
13423,0.0022145509719848633
13424,0.0022145509719848633
13425,0.0022145509719848633
13426,0.0022145509719848633
13427,0.0022145509719848633
13428,0.0022145509719848633
13429,0.0022145509719848633
13430,0.0022145509719848633
13431,0.0022145509719848633
13432,0.0022145509719848633
13433,0.0022145509719848633
13434,0.0022145509719848633
13435,0.0022145509719848633
13436,0.0022145509719848633
13437,0.0022145509719848633
13438,0.0022145509719848633
13439,0.0022145509719848633
13440,0.0022145509719848633
13441,0.0022145509719848633
13442,0.0022145509719848633
13443,0.0022145509719848633
13444,0.0022145509719848633
13445,0.0022145509719848633
13446,0.0022145509719848633
13447,0.0022145509719848633
13448,0.0022145509719848633
13449,0.0022145509719848633
13450,0.0022145509719848633
13451,0.0022145509719848633
13452,0.0022145509719848633
13453,0.0022145509719848633
13454,0.0022145509719848633
13455,0.0022145509719848633
13456,0.0022145509719848633
13457,0.0022145509719848633
13458,0.0022145509719848633
13459,0.0022145509719848633
13460,0.0022145509719848633
13461,0.0022145509719848633
13462,0.0022145509719848633
13463,0.0022145509719848633
13464,0.0022145509719848633
13465,0.0022145509719848633
13466,0.0022145509719848633
13467,0.0022145509719848633
13468,0.0022145509719848633
13469,0.0022145509719848633
13470,0.0022145509719848633
13471,0.0022145509719848633
13472,0.0022145509719848633
13473,0.0022145509719848633
13474,0.0022145509719848633
13475,0.0022145509719848633
13476,0.0022145509719848633
13477,0.0022145509719848633
13478,0.0022145509719848633
13479,0.0022145509719848633
13480,0.0022145509719848633
13481,0.0022145509719848633
13482,0.0022145509719848633
13483,0.0022145509719848633
13484,0.0022145509719848633
13485,0.0022145509719848633
13486,0.0022145509719848633
13487,0.0022145509719848633
13488,0.0022145509719848633
13489,0.0022145509719848633
13490,0.0022145509719848633
13491,0.0022145509719848633
13492,0.0022145509719848633
13493,0.0022145509719848633
13494,0.0022145509719848633
13495,0.0022145509719848633
13496,0.0022145509719848633
13497,0.0022145509719848633
13498,0.0022145509719848633
13499,0.0022145509719848633
13500,0.0022145509719848633
13501,0.0022145509719848633
13502,0.0022145509719848633
13503,0.0022145509719848633
13504,0.0022145509719848633
13505,0.0022145509719848633
13506,0.0022145509719848633
13507,0.0022145509719848633
13508,0.0022145509719848633
13509,0.0022145509719848633
13510,0.0022145509719848633
13511,0.0022145509719848633
13512,0.0022145509719848633
13513,0.0022145509719848633
13514,0.0022145509719848633
13515,0.0022145509719848633
13516,0.0022145509719848633
13517,0.0022145509719848633
13518,0.0022145509719848633
13519,0.0022145509719848633
13520,0.0022145509719848633
13521,0.0022145509719848633
13522,0.0022145509719848633
13523,0.0022145509719848633
13524,0.0022145509719848633
13525,0.0022145509719848633
13526,0.0022145509719848633
13527,0.0022145509719848633
13528,0.0022145509719848633
13529,0.0022145509719848633
13530,0.0022145509719848633
13531,0.0022145509719848633
13532,0.0022145509719848633
13533,0.0022145509719848633
13534,0.0022145509719848633
13535,0.0022145509719848633
13536,0.0022145509719848633
13537,0.0022145509719848633
13538,0.0022145509719848633
13539,0.0022145509719848633
13540,0.0022145509719848633
13541,0.0022145509719848633
13542,0.0022145509719848633
13543,0.0022145509719848633
13544,0.0022145509719848633
13545,0.0022145509719848633
13546,0.0022145509719848633
13547,0.0022145509719848633
13548,0.0022145509719848633
13549,0.0022145509719848633
13550,0.0022145509719848633
13551,0.0022145509719848633
13552,0.0022145509719848633
13553,0.0022145509719848633
13554,0.0022145509719848633
13555,0.0022145509719848633
13556,0.0022145509719848633
13557,0.0022145509719848633
13558,0.0022145509719848633
13559,0.0022145509719848633
13560,0.0022145509719848633
13561,0.0022145509719848633
13562,0.0022145509719848633
13563,0.0022145509719848633
13564,0.0022145509719848633
13565,0.0022145509719848633
13566,0.0022145509719848633
13567,0.0022145509719848633
13568,0.0022145509719848633
13569,0.0022145509719848633
13570,0.0022145509719848633
13571,0.0022145509719848633
13572,0.0022145509719848633
13573,0.0022145509719848633
13574,0.0022145509719848633
13575,0.0022145509719848633
13576,0.0022145509719848633
13577,0.0022145509719848633
13578,0.0022145509719848633
13579,0.0022145509719848633
13580,0.0022145509719848633
13581,0.0022145509719848633
13582,0.0022145509719848633
13583,0.0022145509719848633
13584,0.0022145509719848633
13585,0.0022145509719848633
13586,0.0022145509719848633
13587,0.0022145509719848633
13588,0.0022145509719848633
13589,0.0022145509719848633
13590,0.0022145509719848633
13591,0.0022145509719848633
13592,0.0022145509719848633
13593,0.0022145509719848633
13594,0.0022145509719848633
13595,0.0022145509719848633
13596,0.0022145509719848633
13597,0.0022145509719848633
13598,0.0022145509719848633
13599,0.0022145509719848633
13600,0.0022145509719848633
13601,0.0022145509719848633
13602,0.0022145509719848633
13603,0.0022145509719848633
13604,0.0022145509719848633
13605,0.0022145509719848633
13606,0.0022145509719848633
13607,0.0022145509719848633
13608,0.0022145509719848633
13609,0.0022145509719848633
13610,0.0022145509719848633
13611,0.0022145509719848633
13612,0.0022145509719848633
13613,0.0022145509719848633
13614,0.0022145509719848633
13615,0.0022145509719848633
13616,0.0022145509719848633
13617,0.0022145509719848633
13618,0.0022145509719848633
13619,0.0022145509719848633
13620,0.0022145509719848633
13621,0.0022145509719848633
13622,0.0022145509719848633
13623,0.0022145509719848633
13624,0.0022145509719848633
13625,0.0022145509719848633
13626,0.0022145509719848633
13627,0.0022145509719848633
13628,0.0022145509719848633
13629,0.0022145509719848633
13630,0.0022145509719848633
13631,0.0022145509719848633
13632,0.0022145509719848633
13633,0.0022145509719848633
13634,0.0022145509719848633
13635,0.0022145509719848633
13636,0.0022145509719848633
13637,0.0022145509719848633
13638,0.0022145509719848633
13639,0.0022145509719848633
13640,0.0022145509719848633
13641,0.0022145509719848633
13642,0.0022145509719848633
13643,0.0022145509719848633
13644,0.0022145509719848633
13645,0.0022145509719848633
13646,0.0022145509719848633
13647,0.0022145509719848633
13648,0.0022145509719848633
13649,0.0022145509719848633
13650,0.0022145509719848633
13651,0.0022145509719848633
13652,0.0022145509719848633
13653,0.0022145509719848633
13654,0.0022145509719848633
13655,0.0022145509719848633
13656,0.0022145509719848633
13657,0.0022145509719848633
13658,0.0022145509719848633
13659,0.0022145509719848633
13660,0.0022145509719848633
13661,0.0022145509719848633
13662,0.0022145509719848633
13663,0.0022145509719848633
13664,0.0022145509719848633
13665,0.0022145509719848633
13666,0.0022145509719848633
13667,0.0022145509719848633
13668,0.0022145509719848633
13669,0.0022145509719848633
13670,0.0022145509719848633
13671,0.0022145509719848633
13672,0.0022145509719848633
13673,0.0022145509719848633
13674,0.0022145509719848633
13675,0.0022145509719848633
13676,0.0022145509719848633
13677,0.0022145509719848633
13678,0.0022145509719848633
13679,0.0022145509719848633
13680,0.0022145509719848633
13681,0.0022145509719848633
13682,0.0022145509719848633
13683,0.0022145509719848633
13684,0.0022145509719848633
13685,0.0022145509719848633
13686,0.0022145509719848633
13687,0.0022145509719848633
13688,0.0022145509719848633
13689,0.0022145509719848633
13690,0.0022145509719848633
13691,0.0022145509719848633
13692,0.0022145509719848633
13693,0.0022145509719848633
13694,0.0022145509719848633
13695,0.0022145509719848633
13696,0.0022145509719848633
13697,0.0022145509719848633
13698,0.0022145509719848633
13699,0.0022145509719848633
13700,0.0022145509719848633
13701,0.0022145509719848633
13702,0.0022145509719848633
13703,0.0022145509719848633
13704,0.0022145509719848633
13705,0.0022145509719848633
13706,0.0022145509719848633
13707,0.0022145509719848633
13708,0.0022145509719848633
13709,0.0022145509719848633
13710,0.0022145509719848633
13711,0.0022145509719848633
13712,0.0022145509719848633
13713,0.0022145509719848633
13714,0.0022145509719848633
13715,0.0022145509719848633
13716,0.0022145509719848633
13717,0.0022145509719848633
13718,0.0022145509719848633
13719,0.0022145509719848633
13720,0.0022145509719848633
13721,0.0022145509719848633
13722,0.0022145509719848633
13723,0.0022145509719848633
13724,0.0022145509719848633
13725,0.0022145509719848633
13726,0.0022145509719848633
13727,0.0022145509719848633
13728,0.0022145509719848633
13729,0.0022145509719848633
13730,0.0022145509719848633
13731,0.0022145509719848633
13732,0.0022145509719848633
13733,0.0022145509719848633
13734,0.0022145509719848633
13735,0.0022145509719848633
13736,0.0022145509719848633
13737,0.0022145509719848633
13738,0.0022145509719848633
13739,0.0022145509719848633
13740,0.0022145509719848633
13741,0.0022145509719848633
13742,0.0022145509719848633
13743,0.0022145509719848633
13744,0.0022145509719848633
13745,0.0022145509719848633
13746,0.0022145509719848633
13747,0.0022145509719848633
13748,0.0022145509719848633
13749,0.0022145509719848633
13750,0.0022145509719848633
13751,0.0022145509719848633
13752,0.0022145509719848633
13753,0.0022145509719848633
13754,0.0022145509719848633
13755,0.0022145509719848633
13756,0.0022145509719848633
13757,0.0022145509719848633
13758,0.0022145509719848633
13759,0.0022145509719848633
13760,0.0022145509719848633
13761,0.0022145509719848633
13762,0.0022145509719848633
13763,0.0022145509719848633
13764,0.0022145509719848633
13765,0.0022145509719848633
13766,0.0022145509719848633
13767,0.0022145509719848633
13768,0.0022145509719848633
13769,0.0022145509719848633
13770,0.0022145509719848633
13771,0.0022145509719848633
13772,0.0022145509719848633
13773,0.0022145509719848633
13774,0.0022145509719848633
13775,0.0022145509719848633
13776,0.0022145509719848633
13777,0.0022145509719848633
13778,0.0022145509719848633
13779,0.0022145509719848633
13780,0.0022145509719848633
13781,0.0022145509719848633
13782,0.0022145509719848633
13783,0.0022145509719848633
13784,0.0022145509719848633
13785,0.0022145509719848633
13786,0.0022145509719848633
13787,0.0022145509719848633
13788,0.0022145509719848633
13789,0.0022145509719848633
13790,0.0022145509719848633
13791,0.0022145509719848633
13792,0.0022145509719848633
13793,0.0022145509719848633
13794,0.0022145509719848633
13795,0.0022145509719848633
13796,0.0022145509719848633
13797,0.0022145509719848633
13798,0.0022145509719848633
13799,0.0022145509719848633
13800,0.0022145509719848633
13801,0.0022145509719848633
13802,0.0022145509719848633
13803,0.0022145509719848633
13804,0.0022145509719848633
13805,0.0022145509719848633
13806,0.0022145509719848633
13807,0.0022145509719848633
13808,0.0022145509719848633
13809,0.0022145509719848633
13810,0.0022145509719848633
13811,0.0022145509719848633
13812,0.0022145509719848633
13813,0.0022145509719848633
13814,0.0022145509719848633
13815,0.0022145509719848633
13816,0.0022145509719848633
13817,0.0022145509719848633
13818,0.0022145509719848633
13819,0.0022145509719848633
13820,0.0022145509719848633
13821,0.0022145509719848633
13822,0.0022145509719848633
13823,0.0022145509719848633
13824,0.0022145509719848633
13825,0.0022145509719848633
13826,0.0022145509719848633
13827,0.0022145509719848633
13828,0.0022145509719848633
13829,0.0022145509719848633
13830,0.0022145509719848633
13831,0.0022145509719848633
13832,0.0022145509719848633
13833,0.0022145509719848633
13834,0.0022145509719848633
13835,0.0022145509719848633
13836,0.0022145509719848633
13837,0.0022145509719848633
13838,0.0022145509719848633
13839,0.0022145509719848633
13840,0.0022145509719848633
13841,0.0022145509719848633
13842,0.0022145509719848633
13843,0.0022145509719848633
13844,0.0022145509719848633
13845,0.0022145509719848633
13846,0.0022145509719848633
13847,0.0022145509719848633
13848,0.0022145509719848633
13849,0.0022145509719848633
13850,0.0022145509719848633
13851,0.0022145509719848633
13852,0.0022145509719848633
13853,0.0022145509719848633
13854,0.0022145509719848633
13855,0.0022145509719848633
13856,0.0022145509719848633
13857,0.0022145509719848633
13858,0.0022145509719848633
13859,0.0022145509719848633
13860,0.0022145509719848633
13861,0.0022145509719848633
13862,0.0022145509719848633
13863,0.0022145509719848633
13864,0.0022145509719848633
13865,0.0022145509719848633
13866,0.0022145509719848633
13867,0.0022145509719848633
13868,0.0022145509719848633
13869,0.0022145509719848633
13870,0.0022145509719848633
13871,0.0022145509719848633
13872,0.0022145509719848633
13873,0.0022145509719848633
13874,0.0022145509719848633
13875,0.0022145509719848633
13876,0.0022145509719848633
13877,0.0022145509719848633
13878,0.0022145509719848633
13879,0.0022145509719848633
13880,0.0022145509719848633
13881,0.0022145509719848633
13882,0.0022145509719848633
13883,0.0022145509719848633
13884,0.0022145509719848633
13885,0.0022145509719848633
13886,0.0022145509719848633
13887,0.0022145509719848633
13888,0.0022145509719848633
13889,0.0022145509719848633
13890,0.0022145509719848633
13891,0.0022145509719848633
13892,0.0022145509719848633
13893,0.0022145509719848633
13894,0.0022145509719848633
13895,0.0022145509719848633
13896,0.0022145509719848633
13897,0.0022145509719848633
13898,0.0022145509719848633
13899,0.0022145509719848633
13900,0.0022145509719848633
13901,0.0022145509719848633
13902,0.0022145509719848633
13903,0.0022145509719848633
13904,0.0022145509719848633
13905,0.0022145509719848633
13906,0.0022145509719848633
13907,0.0022145509719848633
13908,0.0022145509719848633
13909,0.0022145509719848633
13910,0.0022145509719848633
13911,0.0022145509719848633
13912,0.0022145509719848633
13913,0.0022145509719848633
13914,0.0022145509719848633
13915,0.0022145509719848633
13916,0.0022145509719848633
13917,0.0022145509719848633
13918,0.0022145509719848633
13919,0.0022145509719848633
13920,0.0022145509719848633
13921,0.0022145509719848633
13922,0.0022145509719848633
13923,0.0022145509719848633
13924,0.0022145509719848633
13925,0.0022145509719848633
13926,0.0022145509719848633
13927,0.0022145509719848633
13928,0.0022145509719848633
13929,0.0022145509719848633
13930,0.0022145509719848633
13931,0.0022145509719848633
13932,0.0022145509719848633
13933,0.0022145509719848633
13934,0.0022145509719848633
13935,0.0022145509719848633
13936,0.0022145509719848633
13937,0.0022145509719848633
13938,0.0022145509719848633
13939,0.0022145509719848633
13940,0.0022145509719848633
13941,0.0022145509719848633
13942,0.0022145509719848633
13943,0.0022145509719848633
13944,0.0022145509719848633
13945,0.0022145509719848633
13946,0.0022145509719848633
13947,0.0022145509719848633
13948,0.0022145509719848633
13949,0.0022145509719848633
13950,0.0022145509719848633
13951,0.0022145509719848633
13952,0.0022145509719848633
13953,0.0022145509719848633
13954,0.0022145509719848633
13955,0.0022145509719848633
13956,0.0022145509719848633
13957,0.0022145509719848633
13958,0.0022145509719848633
13959,0.0022145509719848633
13960,0.0022145509719848633
13961,0.0022145509719848633
13962,0.0022145509719848633
13963,0.0022145509719848633
13964,0.0022145509719848633
13965,0.0022145509719848633
13966,0.0022145509719848633
13967,0.0022145509719848633
13968,0.0022145509719848633
13969,0.0022145509719848633
13970,0.0022145509719848633
13971,0.0022145509719848633
13972,0.0022145509719848633
13973,0.0022145509719848633
13974,0.0022145509719848633
13975,0.0022145509719848633
13976,0.0022145509719848633
13977,0.0022145509719848633
13978,0.0022145509719848633
13979,0.0022145509719848633
13980,0.0022145509719848633
13981,0.0022145509719848633
13982,0.0022145509719848633
13983,0.0022145509719848633
13984,0.0022145509719848633
13985,0.0022145509719848633
13986,0.0022145509719848633
13987,0.0022145509719848633
13988,0.0022145509719848633
13989,0.0022145509719848633
13990,0.0022145509719848633
13991,0.0022145509719848633
13992,0.0022145509719848633
13993,0.0022145509719848633
13994,0.0022145509719848633
13995,0.0022145509719848633
13996,0.0022145509719848633
13997,0.0022145509719848633
13998,0.0022145509719848633
13999,0.0022145509719848633
14000,0.0022145509719848633
14001,0.0022145509719848633
14002,0.0022145509719848633
14003,0.0022145509719848633
14004,0.0022145509719848633
14005,0.0022145509719848633
14006,0.0022145509719848633
14007,0.0022145509719848633
14008,0.0022145509719848633
14009,0.0022145509719848633
14010,0.0022145509719848633
14011,0.0022145509719848633
14012,0.0022145509719848633
14013,0.0022145509719848633
14014,0.0022145509719848633
14015,0.0022145509719848633
14016,0.0022145509719848633
14017,0.0022145509719848633
14018,0.0022145509719848633
14019,0.0022145509719848633
14020,0.0022145509719848633
14021,0.0022145509719848633
14022,0.0022145509719848633
14023,0.0022145509719848633
14024,0.0022145509719848633
14025,0.0022145509719848633
14026,0.0022145509719848633
14027,0.0022145509719848633
14028,0.0022145509719848633
14029,0.0022145509719848633
14030,0.0022145509719848633
14031,0.0022145509719848633
14032,0.0022145509719848633
14033,0.0022145509719848633
14034,0.0022145509719848633
14035,0.0022145509719848633
14036,0.0022145509719848633
14037,0.0022145509719848633
14038,0.0022145509719848633
14039,0.0022145509719848633
14040,0.0022145509719848633
14041,0.0022145509719848633
14042,0.0022145509719848633
14043,0.0022145509719848633
14044,0.0022145509719848633
14045,0.0022145509719848633
14046,0.0022145509719848633
14047,0.0022145509719848633
14048,0.0022145509719848633
14049,0.0022145509719848633
14050,0.0022145509719848633
14051,0.0022145509719848633
14052,0.0022145509719848633
14053,0.0022145509719848633
14054,0.0022145509719848633
14055,0.0022145509719848633
14056,0.0022145509719848633
14057,0.0022145509719848633
14058,0.0022145509719848633
14059,0.0022145509719848633
14060,0.0022145509719848633
14061,0.0022145509719848633
14062,0.0022145509719848633
14063,0.0022145509719848633
14064,0.0022145509719848633
14065,0.0022145509719848633
14066,0.0022145509719848633
14067,0.0022145509719848633
14068,0.0022145509719848633
14069,0.0022145509719848633
14070,0.0022145509719848633
14071,0.0022145509719848633
14072,0.0022145509719848633
14073,0.0022145509719848633
14074,0.0022145509719848633
14075,0.0022145509719848633
14076,0.0022145509719848633
14077,0.0022145509719848633
14078,0.0022145509719848633
14079,0.0022145509719848633
14080,0.0022145509719848633
14081,0.0022145509719848633
14082,0.0022145509719848633
14083,0.0022145509719848633
14084,0.0022145509719848633
14085,0.0022145509719848633
14086,0.0022145509719848633
14087,0.0022145509719848633
14088,0.0022145509719848633
14089,0.0022145509719848633
14090,0.0022145509719848633
14091,0.0022145509719848633
14092,0.0022145509719848633
14093,0.0022145509719848633
14094,0.0022145509719848633
14095,0.0022145509719848633
14096,0.0022145509719848633
14097,0.0022145509719848633
14098,0.0022145509719848633
14099,0.0022145509719848633
14100,0.0022145509719848633
14101,0.0022145509719848633
14102,0.0022145509719848633
14103,0.0022145509719848633
14104,0.0022145509719848633
14105,0.0022145509719848633
14106,0.0022145509719848633
14107,0.0022145509719848633
14108,0.0022145509719848633
14109,0.0022145509719848633
14110,0.0022145509719848633
14111,0.0022145509719848633
14112,0.0022145509719848633
14113,0.0022145509719848633
14114,0.0022145509719848633
14115,0.0022145509719848633
14116,0.0022145509719848633
14117,0.0022145509719848633
14118,0.0022145509719848633
14119,0.0022145509719848633
14120,0.0022145509719848633
14121,0.0022145509719848633
14122,0.0022145509719848633
14123,0.0022145509719848633
14124,0.0022145509719848633
14125,0.0022145509719848633
14126,0.0022145509719848633
14127,0.0022145509719848633
14128,0.0022145509719848633
14129,0.0022145509719848633
14130,0.0022145509719848633
14131,0.0022145509719848633
14132,0.0022145509719848633
14133,0.0022145509719848633
14134,0.0022145509719848633
14135,0.0022145509719848633
14136,0.0022145509719848633
14137,0.0022145509719848633
14138,0.0022145509719848633
14139,0.0022145509719848633
14140,0.0022145509719848633
14141,0.0022145509719848633
14142,0.0022145509719848633
14143,0.0022145509719848633
14144,0.0022145509719848633
14145,0.0022145509719848633
14146,0.0022145509719848633
14147,0.0022145509719848633
14148,0.0022145509719848633
14149,0.0022145509719848633
14150,0.0022145509719848633
14151,0.0022145509719848633
14152,0.0022145509719848633
14153,0.0022145509719848633
14154,0.0022145509719848633
14155,0.0022145509719848633
14156,0.0022145509719848633
14157,0.0022145509719848633
14158,0.0022145509719848633
14159,0.0022145509719848633
14160,0.0022145509719848633
14161,0.0022145509719848633
14162,0.0022145509719848633
14163,0.0022145509719848633
14164,0.0022145509719848633
14165,0.0022145509719848633
14166,0.0022145509719848633
14167,0.0022145509719848633
14168,0.0022145509719848633
14169,0.0022145509719848633
14170,0.0022145509719848633
14171,0.0022145509719848633
14172,0.0022145509719848633
14173,0.0022145509719848633
14174,0.0022145509719848633
14175,0.0022145509719848633
14176,0.0022145509719848633
14177,0.0022145509719848633
14178,0.0022145509719848633
14179,0.0022145509719848633
14180,0.0022145509719848633
14181,0.0022145509719848633
14182,0.0022145509719848633
14183,0.0022145509719848633
14184,0.0022145509719848633
14185,0.0022145509719848633
14186,0.0022145509719848633
14187,0.0022145509719848633
14188,0.0022145509719848633
14189,0.0022145509719848633
14190,0.0022145509719848633
14191,0.0022145509719848633
14192,0.0022145509719848633
14193,0.0022145509719848633
14194,0.0022145509719848633
14195,0.0022145509719848633
14196,0.0022145509719848633
14197,0.0022145509719848633
14198,0.0022145509719848633
14199,0.0022145509719848633
14200,0.0022145509719848633
14201,0.0022145509719848633
14202,0.0022145509719848633
14203,0.0022145509719848633
14204,0.0022145509719848633
14205,0.0022145509719848633
14206,0.0022145509719848633
14207,0.0022145509719848633
14208,0.0022145509719848633
14209,0.0022145509719848633
14210,0.0022145509719848633
14211,0.0022145509719848633
14212,0.0022145509719848633
14213,0.0022145509719848633
14214,0.0022145509719848633
14215,0.0022145509719848633
14216,0.0022145509719848633
14217,0.0022145509719848633
14218,0.0022145509719848633
14219,0.0022145509719848633
14220,0.0022145509719848633
14221,0.0022145509719848633
14222,0.0022145509719848633
14223,0.0022145509719848633
14224,0.0022145509719848633
14225,0.0022145509719848633
14226,0.0022145509719848633
14227,0.0022145509719848633
14228,0.0022145509719848633
14229,0.0022145509719848633
14230,0.0022145509719848633
14231,0.0022145509719848633
14232,0.0022145509719848633
14233,0.0022145509719848633
14234,0.0022145509719848633
14235,0.0022145509719848633
14236,0.0022145509719848633
14237,0.0022145509719848633
14238,0.0022145509719848633
14239,0.0022145509719848633
14240,0.0022145509719848633
14241,0.0022145509719848633
14242,0.0022145509719848633
14243,0.0022145509719848633
14244,0.0022145509719848633
14245,0.0022145509719848633
14246,0.0022145509719848633
14247,0.0022145509719848633
14248,0.0022145509719848633
14249,0.0022145509719848633
14250,0.0022145509719848633
14251,0.0022145509719848633
14252,0.0022145509719848633
14253,0.0022145509719848633
14254,0.0022145509719848633
14255,0.0022145509719848633
14256,0.0022145509719848633
14257,0.0022145509719848633
14258,0.0022145509719848633
14259,0.0022145509719848633
14260,0.0022145509719848633
14261,0.0022145509719848633
14262,0.0022145509719848633
14263,0.0022145509719848633
14264,0.0022145509719848633
14265,0.0022145509719848633
14266,0.0022145509719848633
14267,0.0022145509719848633
14268,0.0022145509719848633
14269,0.0022145509719848633
14270,0.0022145509719848633
14271,0.0022145509719848633
14272,0.0022145509719848633
14273,0.0022145509719848633
14274,0.0022145509719848633
14275,0.0022145509719848633
14276,0.0022145509719848633
14277,0.0022145509719848633
14278,0.0022145509719848633
14279,0.0022145509719848633
14280,0.0022145509719848633
14281,0.0022145509719848633
14282,0.0022145509719848633
14283,0.0022145509719848633
14284,0.0022145509719848633
14285,0.0022145509719848633
14286,0.0022145509719848633
14287,0.0022145509719848633
14288,0.0022145509719848633
14289,0.0022145509719848633
14290,0.0022145509719848633
14291,0.0022145509719848633
14292,0.0022145509719848633
14293,0.0022145509719848633
14294,0.0022145509719848633
14295,0.0022145509719848633
14296,0.0022145509719848633
14297,0.0022145509719848633
14298,0.0022145509719848633
14299,0.0022145509719848633
14300,0.0022145509719848633
14301,0.0022145509719848633
14302,0.0022145509719848633
14303,0.0022145509719848633
14304,0.0022145509719848633
14305,0.0022145509719848633
14306,0.0022145509719848633
14307,0.0022145509719848633
14308,0.0022145509719848633
14309,0.0022145509719848633
14310,0.0022145509719848633
14311,0.0022145509719848633
14312,0.0022145509719848633
14313,0.0022145509719848633
14314,0.0022145509719848633
14315,0.0022145509719848633
14316,0.0022145509719848633
14317,0.0022145509719848633
14318,0.0022145509719848633
14319,0.0022145509719848633
14320,0.0022145509719848633
14321,0.0022145509719848633
14322,0.0022145509719848633
14323,0.0022145509719848633
14324,0.0022145509719848633
14325,0.0022145509719848633
14326,0.0022145509719848633
14327,0.0022145509719848633
14328,0.0022145509719848633
14329,0.0022145509719848633
14330,0.0022145509719848633
14331,0.0022145509719848633
14332,0.0022145509719848633
14333,0.0022145509719848633
14334,0.0022145509719848633
14335,0.0022145509719848633
14336,0.0022145509719848633
14337,0.0022145509719848633
14338,0.0022145509719848633
14339,0.0022145509719848633
14340,0.0022145509719848633
14341,0.0022145509719848633
14342,0.0022145509719848633
14343,0.0022145509719848633
14344,0.0022145509719848633
14345,0.0022145509719848633
14346,0.0022145509719848633
14347,0.0022145509719848633
14348,0.0022145509719848633
14349,0.0022145509719848633
14350,0.0022145509719848633
14351,0.0022145509719848633
14352,0.0022145509719848633
14353,0.0022145509719848633
14354,0.0022145509719848633
14355,0.0022145509719848633
14356,0.0022145509719848633
14357,0.0022145509719848633
14358,0.0022145509719848633
14359,0.0022145509719848633
14360,0.0022145509719848633
14361,0.0022145509719848633
14362,0.0022145509719848633
14363,0.0022145509719848633
14364,0.0022145509719848633
14365,0.0022145509719848633
14366,0.0022145509719848633
14367,0.0022145509719848633
14368,0.0022145509719848633
14369,0.0022145509719848633
14370,0.0022145509719848633
14371,0.0022145509719848633
14372,0.0022145509719848633
14373,0.0022145509719848633
14374,0.0022145509719848633
14375,0.0022145509719848633
14376,0.0022145509719848633
14377,0.0022145509719848633
14378,0.0022145509719848633
14379,0.0022145509719848633
14380,0.0022145509719848633
14381,0.0022145509719848633
14382,0.0022145509719848633
14383,0.0022145509719848633
14384,0.0022145509719848633
14385,0.0022145509719848633
14386,0.0022145509719848633
14387,0.0022145509719848633
14388,0.0022145509719848633
14389,0.0022145509719848633
14390,0.0022145509719848633
14391,0.0022145509719848633
14392,0.0022145509719848633
14393,0.0022145509719848633
14394,0.0022145509719848633
14395,0.0022145509719848633
14396,0.0022145509719848633
14397,0.0022145509719848633
14398,0.0022145509719848633
14399,0.0022145509719848633
14400,0.0022145509719848633
14401,0.0022145509719848633
14402,0.0022145509719848633
14403,0.0022145509719848633
14404,0.0022145509719848633
14405,0.0022145509719848633
14406,0.0022145509719848633
14407,0.0022145509719848633
14408,0.0022145509719848633
14409,0.0022145509719848633
14410,0.0022145509719848633
14411,0.0022145509719848633
14412,0.0022145509719848633
14413,0.0022145509719848633
14414,0.0022145509719848633
14415,0.0022145509719848633
14416,0.0022145509719848633
14417,0.0022145509719848633
14418,0.0022145509719848633
14419,0.0022145509719848633
14420,0.0022145509719848633
14421,0.0022145509719848633
14422,0.0022145509719848633
14423,0.0022145509719848633
14424,0.0022145509719848633
14425,0.0022145509719848633
14426,0.0022145509719848633
14427,0.0022145509719848633
14428,0.0022145509719848633
14429,0.0022145509719848633
14430,0.0022145509719848633
14431,0.0022145509719848633
14432,0.0022145509719848633
14433,0.0022145509719848633
14434,0.0022145509719848633
14435,0.0022145509719848633
14436,0.0022145509719848633
14437,0.0022145509719848633
14438,0.0022145509719848633
14439,0.0022145509719848633
14440,0.0022145509719848633
14441,0.0022145509719848633
14442,0.0022145509719848633
14443,0.0022145509719848633
14444,0.0022145509719848633
14445,0.0022145509719848633
14446,0.0022145509719848633
14447,0.0022145509719848633
14448,0.0022145509719848633
14449,0.0022145509719848633
14450,0.0022145509719848633
14451,0.0022145509719848633
14452,0.0022145509719848633
14453,0.0022145509719848633
14454,0.0022145509719848633
14455,0.0022145509719848633
14456,0.0022145509719848633
14457,0.0022145509719848633
14458,0.0022145509719848633
14459,0.0022145509719848633
14460,0.0022145509719848633
14461,0.0022145509719848633
14462,0.0022145509719848633
14463,0.0022145509719848633
14464,0.0022145509719848633
14465,0.0022145509719848633
14466,0.0022145509719848633
14467,0.0022145509719848633
14468,0.0022145509719848633
14469,0.0022145509719848633
14470,0.0022145509719848633
14471,0.0022145509719848633
14472,0.0022145509719848633
14473,0.0022145509719848633
14474,0.0022145509719848633
14475,0.0022145509719848633
14476,0.0022145509719848633
14477,0.0022145509719848633
14478,0.0022145509719848633
14479,0.0022145509719848633
14480,0.0022145509719848633
14481,0.0022145509719848633
14482,0.0022145509719848633
14483,0.0022145509719848633
14484,0.0022145509719848633
14485,0.0022145509719848633
14486,0.0022145509719848633
14487,0.0022145509719848633
14488,0.0022145509719848633
14489,0.0022145509719848633
14490,0.0022145509719848633
14491,0.0022145509719848633
14492,0.0022145509719848633
14493,0.0022145509719848633
14494,0.0022145509719848633
14495,0.0022145509719848633
14496,0.0022145509719848633
14497,0.0022145509719848633
14498,0.0022145509719848633
14499,0.0022145509719848633
14500,0.0022145509719848633
14501,0.0022145509719848633
14502,0.0022145509719848633
14503,0.0022145509719848633
14504,0.0022145509719848633
14505,0.0022145509719848633
14506,0.0022145509719848633
14507,0.0022145509719848633
14508,0.0022145509719848633
14509,0.0022145509719848633
14510,0.0022145509719848633
14511,0.0022145509719848633
14512,0.0022145509719848633
14513,0.0022145509719848633
14514,0.0022145509719848633
14515,0.0022145509719848633
14516,0.0022145509719848633
14517,0.0022145509719848633
14518,0.0022145509719848633
14519,0.0022145509719848633
14520,0.0022145509719848633
14521,0.0022145509719848633
14522,0.0022145509719848633
14523,0.0022145509719848633
14524,0.0022145509719848633
14525,0.0022145509719848633
14526,0.0022145509719848633
14527,0.0022145509719848633
14528,0.0022145509719848633
14529,0.0022145509719848633
14530,0.0022145509719848633
14531,0.0022145509719848633
14532,0.0022145509719848633
14533,0.0022145509719848633
14534,0.0022145509719848633
14535,0.0022145509719848633
14536,0.0022145509719848633
14537,0.0022145509719848633
14538,0.0022145509719848633
14539,0.0022145509719848633
14540,0.0022145509719848633
14541,0.0022145509719848633
14542,0.0022145509719848633
14543,0.0022145509719848633
14544,0.0022145509719848633
14545,0.0022145509719848633
14546,0.0022145509719848633
14547,0.0022145509719848633
14548,0.0022145509719848633
14549,0.0022145509719848633
14550,0.0022145509719848633
14551,0.0022145509719848633
14552,0.0022145509719848633
14553,0.0022145509719848633
14554,0.0022145509719848633
14555,0.0022145509719848633
14556,0.0022145509719848633
14557,0.0022145509719848633
14558,0.0022145509719848633
14559,0.0022145509719848633
14560,0.0022145509719848633
14561,0.0022145509719848633
14562,0.0022145509719848633
14563,0.0022145509719848633
14564,0.0022145509719848633
14565,0.0022145509719848633
14566,0.0022145509719848633
14567,0.0022145509719848633
14568,0.0022145509719848633
14569,0.0022145509719848633
14570,0.0022145509719848633
14571,0.0022145509719848633
14572,0.0022145509719848633
14573,0.0022145509719848633
14574,0.0022145509719848633
14575,0.0022145509719848633
14576,0.0022145509719848633
14577,0.0022145509719848633
14578,0.0022145509719848633
14579,0.0022145509719848633
14580,0.0022145509719848633
14581,0.0022145509719848633
14582,0.0022145509719848633
14583,0.0022145509719848633
14584,0.0022145509719848633
14585,0.0022145509719848633
14586,0.0022145509719848633
14587,0.0022145509719848633
14588,0.0022145509719848633
14589,0.0022145509719848633
14590,0.0022145509719848633
14591,0.0022145509719848633
14592,0.0022145509719848633
14593,0.0022145509719848633
14594,0.0022145509719848633
14595,0.0022145509719848633
14596,0.0022145509719848633
14597,0.0022145509719848633
14598,0.0022145509719848633
14599,0.0022145509719848633
14600,0.0022145509719848633
14601,0.0022145509719848633
14602,0.0022145509719848633
14603,0.0022145509719848633
14604,0.0022145509719848633
14605,0.0022145509719848633
14606,0.0022145509719848633
14607,0.0022145509719848633
14608,0.0022145509719848633
14609,0.0022145509719848633
14610,0.0022145509719848633
14611,0.0022145509719848633
14612,0.0022145509719848633
14613,0.0022145509719848633
14614,0.0022145509719848633
14615,0.0022145509719848633
14616,0.0022145509719848633
14617,0.0022145509719848633
14618,0.0022145509719848633
14619,0.0022145509719848633
14620,0.0022145509719848633
14621,0.0022145509719848633
14622,0.0022145509719848633
14623,0.0022145509719848633
14624,0.0022145509719848633
14625,0.0022145509719848633
14626,0.0022145509719848633
14627,0.0022145509719848633
14628,0.0022145509719848633
14629,0.0022145509719848633
14630,0.0022145509719848633
14631,0.0022145509719848633
14632,0.0022145509719848633
14633,0.0022145509719848633
14634,0.0022145509719848633
14635,0.0022145509719848633
14636,0.0022145509719848633
14637,0.0022145509719848633
14638,0.0022145509719848633
14639,0.0022145509719848633
14640,0.0022145509719848633
14641,0.0022145509719848633
14642,0.0022145509719848633
14643,0.0022145509719848633
14644,0.0022145509719848633
14645,0.0022145509719848633
14646,0.0022145509719848633
14647,0.0022145509719848633
14648,0.0022145509719848633
14649,0.0022145509719848633
14650,0.0022145509719848633
14651,0.0022145509719848633
14652,0.0022145509719848633
14653,0.0022145509719848633
14654,0.0022145509719848633
14655,0.0022145509719848633
14656,0.0022145509719848633
14657,0.0022145509719848633
14658,0.0022145509719848633
14659,0.0022145509719848633
14660,0.0022145509719848633
14661,0.0022145509719848633
14662,0.0022145509719848633
14663,0.0022145509719848633
14664,0.0022145509719848633
14665,0.0022145509719848633
14666,0.0022145509719848633
14667,0.0022145509719848633
14668,0.0022145509719848633
14669,0.0022145509719848633
14670,0.0022145509719848633
14671,0.0022145509719848633
14672,0.0022145509719848633
14673,0.0022145509719848633
14674,0.0022145509719848633
14675,0.0022145509719848633
14676,0.0022145509719848633
14677,0.0022145509719848633
14678,0.0022145509719848633
14679,0.0022145509719848633
14680,0.0022145509719848633
14681,0.0022145509719848633
14682,0.0022145509719848633
14683,0.0022145509719848633
14684,0.0022145509719848633
14685,0.0022145509719848633
14686,0.0022145509719848633
14687,0.0022145509719848633
14688,0.0022145509719848633
14689,0.0022145509719848633
14690,0.0022145509719848633
14691,0.0022145509719848633
14692,0.0022145509719848633
14693,0.0022145509719848633
14694,0.0022145509719848633
14695,0.0022145509719848633
14696,0.0022145509719848633
14697,0.0022145509719848633
14698,0.0022145509719848633
14699,0.0022145509719848633
14700,0.0022145509719848633
14701,0.0022145509719848633
14702,0.0022145509719848633
14703,0.0022145509719848633
14704,0.0022145509719848633
14705,0.0022145509719848633
14706,0.0022145509719848633
14707,0.0022145509719848633
14708,0.0022145509719848633
14709,0.0022145509719848633
14710,0.0022145509719848633
14711,0.0022145509719848633
14712,0.0022145509719848633
14713,0.0022145509719848633
14714,0.0022145509719848633
14715,0.0022145509719848633
14716,0.0022145509719848633
14717,0.0022145509719848633
14718,0.0022145509719848633
14719,0.0022145509719848633
14720,0.0022145509719848633
14721,0.0022145509719848633
14722,0.0022145509719848633
14723,0.0022145509719848633
14724,0.0022145509719848633
14725,0.0022145509719848633
14726,0.0022145509719848633
14727,0.0022145509719848633
14728,0.0022145509719848633
14729,0.0022145509719848633
14730,0.0022145509719848633
14731,0.0022145509719848633
14732,0.0022145509719848633
14733,0.0022145509719848633
14734,0.0022145509719848633
14735,0.0022145509719848633
14736,0.0022145509719848633
14737,0.0022145509719848633
14738,0.0022145509719848633
14739,0.0022145509719848633
14740,0.0022145509719848633
14741,0.0022145509719848633
14742,0.0022145509719848633
14743,0.0022145509719848633
14744,0.0022145509719848633
14745,0.0022145509719848633
14746,0.0022145509719848633
14747,0.0022145509719848633
14748,0.0022145509719848633
14749,0.0022145509719848633
14750,0.0022145509719848633
14751,0.0022145509719848633
14752,0.0022145509719848633
14753,0.0022145509719848633
14754,0.0022145509719848633
14755,0.0022145509719848633
14756,0.0022145509719848633
14757,0.0022145509719848633
14758,0.0022145509719848633
14759,0.0022145509719848633
14760,0.0022145509719848633
14761,0.0022145509719848633
14762,0.0022145509719848633
14763,0.0022145509719848633
14764,0.0022145509719848633
14765,0.0022145509719848633
14766,0.0022145509719848633
14767,0.0022145509719848633
14768,0.0022145509719848633
14769,0.0022145509719848633
14770,0.0022145509719848633
14771,0.0022145509719848633
14772,0.0022145509719848633
14773,0.0022145509719848633
14774,0.0022145509719848633
14775,0.0022145509719848633
14776,0.0022145509719848633
14777,0.0022145509719848633
14778,0.0022145509719848633
14779,0.0022145509719848633
14780,0.0022145509719848633
14781,0.0022145509719848633
14782,0.0022145509719848633
14783,0.0022145509719848633
14784,0.0022145509719848633
14785,0.0022145509719848633
14786,0.0022145509719848633
14787,0.0022145509719848633
14788,0.0022145509719848633
14789,0.0022145509719848633
14790,0.0022145509719848633
14791,0.0022145509719848633
14792,0.0022145509719848633
14793,0.0022145509719848633
14794,0.0022145509719848633
14795,0.0022145509719848633
14796,0.0022145509719848633
14797,0.0022145509719848633
14798,0.0022145509719848633
14799,0.0022145509719848633
14800,0.0022145509719848633
14801,0.0022145509719848633
14802,0.0022145509719848633
14803,0.0022145509719848633
14804,0.0022145509719848633
14805,0.0022145509719848633
14806,0.0022145509719848633
14807,0.0022145509719848633
14808,0.0022145509719848633
14809,0.0022145509719848633
14810,0.0022145509719848633
14811,0.0022145509719848633
14812,0.0022145509719848633
14813,0.0022145509719848633
14814,0.0022145509719848633
14815,0.0022145509719848633
14816,0.0022145509719848633
14817,0.0022145509719848633
14818,0.0022145509719848633
14819,0.0022145509719848633
14820,0.0022145509719848633
14821,0.0022145509719848633
14822,0.0022145509719848633
14823,0.0022145509719848633
14824,0.0022145509719848633
14825,0.0022145509719848633
14826,0.0022145509719848633
14827,0.0022145509719848633
14828,0.0022145509719848633
14829,0.0022145509719848633
14830,0.0022145509719848633
14831,0.0022145509719848633
14832,0.0022145509719848633
14833,0.0022145509719848633
14834,0.0022145509719848633
14835,0.0022145509719848633
14836,0.0022145509719848633
14837,0.0022145509719848633
14838,0.0022145509719848633
14839,0.0022145509719848633
14840,0.0022145509719848633
14841,0.0022145509719848633
14842,0.0022145509719848633
14843,0.0022145509719848633
14844,0.0022145509719848633
14845,0.0022145509719848633
14846,0.0022145509719848633
14847,0.0022145509719848633
14848,0.0022145509719848633
14849,0.0022145509719848633
14850,0.0022145509719848633
14851,0.0022145509719848633
14852,0.0022145509719848633
14853,0.0022145509719848633
14854,0.0022145509719848633
14855,0.0022145509719848633
14856,0.0022145509719848633
14857,0.0022145509719848633
14858,0.0022145509719848633
14859,0.0022145509719848633
14860,0.0022145509719848633
14861,0.0022145509719848633
14862,0.0022145509719848633
14863,0.0022145509719848633
14864,0.0022145509719848633
14865,0.0022145509719848633
14866,0.0022145509719848633
14867,0.0022145509719848633
14868,0.0022145509719848633
14869,0.0022145509719848633
14870,0.0022145509719848633
14871,0.0022145509719848633
14872,0.0022145509719848633
14873,0.0022145509719848633
14874,0.0022145509719848633
14875,0.0022145509719848633
14876,0.0022145509719848633
14877,0.0022145509719848633
14878,0.0022145509719848633
14879,0.0022145509719848633
14880,0.0022145509719848633
14881,0.0022145509719848633
14882,0.0022145509719848633
14883,0.0022145509719848633
14884,0.0022145509719848633
14885,0.0022145509719848633
14886,0.0022145509719848633
14887,0.0022145509719848633
14888,0.0022145509719848633
14889,0.0022145509719848633
14890,0.0022145509719848633
14891,0.0022145509719848633
14892,0.0022145509719848633
14893,0.0022145509719848633
14894,0.0022145509719848633
14895,0.0022145509719848633
14896,0.0022145509719848633
14897,0.0022145509719848633
14898,0.0022145509719848633
14899,0.0022145509719848633
14900,0.0022145509719848633
14901,0.0022145509719848633
14902,0.0022145509719848633
14903,0.0022145509719848633
14904,0.0022145509719848633
14905,0.0022145509719848633
14906,0.0022145509719848633
14907,0.0022145509719848633
14908,0.0022145509719848633
14909,0.0022145509719848633
14910,0.0022145509719848633
14911,0.0022145509719848633
14912,0.0022145509719848633
14913,0.0022145509719848633
14914,0.0022145509719848633
14915,0.0022145509719848633
14916,0.0022145509719848633
14917,0.0022145509719848633
14918,0.0022145509719848633
14919,0.0022145509719848633
14920,0.0022145509719848633
14921,0.0022145509719848633
14922,0.0022145509719848633
14923,0.0022145509719848633
14924,0.0022145509719848633
14925,0.0022145509719848633
14926,0.0022145509719848633
14927,0.0022145509719848633
14928,0.0022145509719848633
14929,0.0022145509719848633
14930,0.0022145509719848633
14931,0.0022145509719848633
14932,0.0022145509719848633
14933,0.0022145509719848633
14934,0.0022145509719848633
14935,0.0022145509719848633
14936,0.0022145509719848633
14937,0.0022145509719848633
14938,0.0022145509719848633
14939,0.0022145509719848633
14940,0.0022145509719848633
14941,0.0022145509719848633
14942,0.0022145509719848633
14943,0.0022145509719848633
14944,0.0022145509719848633
14945,0.0022145509719848633
14946,0.0022145509719848633
14947,0.0022145509719848633
14948,0.0022145509719848633
14949,0.0022145509719848633
14950,0.0022145509719848633
14951,0.0022145509719848633
14952,0.0022145509719848633
14953,0.0022145509719848633
14954,0.0022145509719848633
14955,0.0022145509719848633
14956,0.0022145509719848633
14957,0.0022145509719848633
14958,0.0022145509719848633
14959,0.0022145509719848633
14960,0.0022145509719848633
14961,0.0022145509719848633
14962,0.0022145509719848633
14963,0.0022145509719848633
14964,0.0022145509719848633
14965,0.0022145509719848633
14966,0.0022145509719848633
14967,0.0022145509719848633
14968,0.0022145509719848633
14969,0.0022145509719848633
14970,0.0022145509719848633
14971,0.0022145509719848633
14972,0.0022145509719848633
14973,0.0022145509719848633
14974,0.0022145509719848633
14975,0.0022145509719848633
14976,0.0022145509719848633
14977,0.0022145509719848633
14978,0.0022145509719848633
14979,0.0022145509719848633
14980,0.0022145509719848633
14981,0.0022145509719848633
14982,0.0022145509719848633
14983,0.0022145509719848633
14984,0.0022145509719848633
14985,0.0022145509719848633
14986,0.0022145509719848633
14987,0.0022145509719848633
14988,0.0022145509719848633
14989,0.0022145509719848633
14990,0.0022145509719848633
14991,0.0022145509719848633
14992,0.0022145509719848633
14993,0.0022145509719848633
14994,0.0022145509719848633
14995,0.0022145509719848633
14996,0.0022145509719848633
14997,0.0022145509719848633
14998,0.0022145509719848633
14999,0.0022145509719848633
15000,0.0022145509719848633
15001,0.0022145509719848633
15002,0.0022145509719848633
15003,0.0022145509719848633
15004,0.0022145509719848633
15005,0.0022145509719848633
15006,0.0022145509719848633
15007,0.0022145509719848633
15008,0.0022145509719848633
15009,0.0022145509719848633
15010,0.0022145509719848633
15011,0.0022145509719848633
15012,0.0022145509719848633
15013,0.0022145509719848633
15014,0.0022145509719848633
15015,0.0022145509719848633
15016,0.0022145509719848633
15017,0.0022145509719848633
15018,0.0022145509719848633
15019,0.0022145509719848633
15020,0.0022145509719848633
15021,0.0022145509719848633
15022,0.0022145509719848633
15023,0.0022145509719848633
15024,0.0022145509719848633
15025,0.0022145509719848633
15026,0.0022145509719848633
15027,0.0022145509719848633
15028,0.0022145509719848633
15029,0.0022145509719848633
15030,0.0022145509719848633
15031,0.0022145509719848633
15032,0.0022145509719848633
15033,0.0022145509719848633
15034,0.0022145509719848633
15035,0.0022145509719848633
15036,0.0022145509719848633
15037,0.0022145509719848633
15038,0.0022145509719848633
15039,0.0022145509719848633
15040,0.0022145509719848633
15041,0.0022145509719848633
15042,0.0022145509719848633
15043,0.0022145509719848633
15044,0.0022145509719848633
15045,0.0022145509719848633
15046,0.0022145509719848633
15047,0.0022145509719848633
15048,0.0022145509719848633
15049,0.0022145509719848633
15050,0.0022145509719848633
15051,0.0022145509719848633
15052,0.0022145509719848633
15053,0.0022145509719848633
15054,0.0022145509719848633
15055,0.0022145509719848633
15056,0.0022145509719848633
15057,0.0022145509719848633
15058,0.0022145509719848633
15059,0.0022145509719848633
15060,0.0022145509719848633
15061,0.0022145509719848633
15062,0.0022145509719848633
15063,0.0022145509719848633
15064,0.0022145509719848633
15065,0.0022145509719848633
15066,0.0022145509719848633
15067,0.0022145509719848633
15068,0.0022145509719848633
15069,0.0022145509719848633
15070,0.0022145509719848633
15071,0.0022145509719848633
15072,0.0022145509719848633
15073,0.0022145509719848633
15074,0.0022145509719848633
15075,0.0022145509719848633
15076,0.0022145509719848633
15077,0.0022145509719848633
15078,0.0022145509719848633
15079,0.0022145509719848633
15080,0.0022145509719848633
15081,0.0022145509719848633
15082,0.0022145509719848633
15083,0.0022145509719848633
15084,0.0022145509719848633
15085,0.0022145509719848633
15086,0.0022145509719848633
15087,0.0022145509719848633
15088,0.0022145509719848633
15089,0.0022145509719848633
15090,0.0022145509719848633
15091,0.0022145509719848633
15092,0.0022145509719848633
15093,0.0022145509719848633
15094,0.0022145509719848633
15095,0.0022145509719848633
15096,0.0022145509719848633
15097,0.0022145509719848633
15098,0.0022145509719848633
15099,0.0022145509719848633
15100,0.0022145509719848633
15101,0.0022145509719848633
15102,0.0022145509719848633
15103,0.0022145509719848633
15104,0.0022145509719848633
15105,0.0022145509719848633
15106,0.0022145509719848633
15107,0.0022145509719848633
15108,0.0022145509719848633
15109,0.0022145509719848633
15110,0.0022145509719848633
15111,0.0022145509719848633
15112,0.0022145509719848633
15113,0.0022145509719848633
15114,0.0022145509719848633
15115,0.0022145509719848633
15116,0.0022145509719848633
15117,0.0022145509719848633
15118,0.0022145509719848633
15119,0.0022145509719848633
15120,0.0022145509719848633
15121,0.0022145509719848633
15122,0.0022145509719848633
15123,0.0022145509719848633
15124,0.0022145509719848633
15125,0.0022145509719848633
15126,0.0022145509719848633
15127,0.0022145509719848633
15128,0.0022145509719848633
15129,0.0022145509719848633
15130,0.0022145509719848633
15131,0.0022145509719848633
15132,0.0022145509719848633
15133,0.0022145509719848633
15134,0.0022145509719848633
15135,0.0022145509719848633
15136,0.0022145509719848633
15137,0.0022145509719848633
15138,0.0022145509719848633
15139,0.0022145509719848633
15140,0.0022145509719848633
15141,0.0022145509719848633
15142,0.0022145509719848633
15143,0.0022145509719848633
15144,0.0022145509719848633
15145,0.0022145509719848633
15146,0.0022145509719848633
15147,0.0022145509719848633
15148,0.0022145509719848633
15149,0.0022145509719848633
15150,0.0022145509719848633
15151,0.0022145509719848633
15152,0.0022145509719848633
15153,0.0022145509719848633
15154,0.0022145509719848633
15155,0.0022145509719848633
15156,0.0022145509719848633
15157,0.0022145509719848633
15158,0.0022145509719848633
15159,0.0022145509719848633
15160,0.0022145509719848633
15161,0.0022145509719848633
15162,0.0022145509719848633
15163,0.0022145509719848633
15164,0.0022145509719848633
15165,0.0022145509719848633
15166,0.0022145509719848633
15167,0.0022145509719848633
15168,0.0022145509719848633
15169,0.0022145509719848633
15170,0.0022145509719848633
15171,0.0022145509719848633
15172,0.0022145509719848633
15173,0.0022145509719848633
15174,0.0022145509719848633
15175,0.0022145509719848633
15176,0.0022145509719848633
15177,0.0022145509719848633
15178,0.0022145509719848633
15179,0.0022145509719848633
15180,0.0022145509719848633
15181,0.0022145509719848633
15182,0.0022145509719848633
15183,0.0022145509719848633
15184,0.0022145509719848633
15185,0.0022145509719848633
15186,0.0022145509719848633
15187,0.0022145509719848633
15188,0.0022145509719848633
15189,0.0022145509719848633
15190,0.0022145509719848633
15191,0.0022145509719848633
15192,0.0022145509719848633
15193,0.0022145509719848633
15194,0.0022145509719848633
15195,0.0022145509719848633
15196,0.0022145509719848633
15197,0.0022145509719848633
15198,0.0022145509719848633
15199,0.0022145509719848633
15200,0.0022145509719848633
15201,0.0022145509719848633
15202,0.0022145509719848633
15203,0.0022145509719848633
15204,0.0022145509719848633
15205,0.0022145509719848633
15206,0.0022145509719848633
15207,0.0022145509719848633
15208,0.0022145509719848633
15209,0.0022145509719848633
15210,0.0022145509719848633
15211,0.0022145509719848633
15212,0.0022145509719848633
15213,0.0022145509719848633
15214,0.0022145509719848633
15215,0.0022145509719848633
15216,0.0022145509719848633
15217,0.0022145509719848633
15218,0.0022145509719848633
15219,0.0022145509719848633
15220,0.0022145509719848633
15221,0.0022145509719848633
15222,0.0022145509719848633
15223,0.0022145509719848633
15224,0.0022145509719848633
15225,0.0022145509719848633
15226,0.0022145509719848633
15227,0.0022145509719848633
15228,0.0022145509719848633
15229,0.0022145509719848633
15230,0.0022145509719848633
15231,0.0022145509719848633
15232,0.0022145509719848633
15233,0.0022145509719848633
15234,0.0022145509719848633
15235,0.0022145509719848633
15236,0.0022145509719848633
15237,0.0022145509719848633
15238,0.0022145509719848633
15239,0.0022145509719848633
15240,0.0022145509719848633
15241,0.0022145509719848633
15242,0.0022145509719848633
15243,0.0022145509719848633
15244,0.0022145509719848633
15245,0.0022145509719848633
15246,0.0022145509719848633
15247,0.0022145509719848633
15248,0.0022145509719848633
15249,0.0022145509719848633
15250,0.0022145509719848633
15251,0.0022145509719848633
15252,0.0022145509719848633
15253,0.0022145509719848633
15254,0.0022145509719848633
15255,0.0022145509719848633
15256,0.0022145509719848633
15257,0.0022145509719848633
15258,0.0022145509719848633
15259,0.0022145509719848633
15260,0.0022145509719848633
15261,0.0022145509719848633
15262,0.0022145509719848633
15263,0.0022145509719848633
15264,0.0022145509719848633
15265,0.0022145509719848633
15266,0.0022145509719848633
15267,0.0022145509719848633
15268,0.0022145509719848633
15269,0.0022145509719848633
15270,0.0022145509719848633
15271,0.0022145509719848633
15272,0.0022145509719848633
15273,0.0022145509719848633
15274,0.0022145509719848633
15275,0.0022145509719848633
15276,0.0022145509719848633
15277,0.0022145509719848633
15278,0.0022145509719848633
15279,0.0022145509719848633
15280,0.0022145509719848633
15281,0.0022145509719848633
15282,0.0022145509719848633
15283,0.0022145509719848633
15284,0.0022145509719848633
15285,0.0022145509719848633
15286,0.0022145509719848633
15287,0.0022145509719848633
15288,0.0022145509719848633
15289,0.0022145509719848633
15290,0.0022145509719848633
15291,0.0022145509719848633
15292,0.0022145509719848633
15293,0.0022145509719848633
15294,0.0022145509719848633
15295,0.0022145509719848633
15296,0.0022145509719848633
15297,0.0022145509719848633
15298,0.0022145509719848633
15299,0.0022145509719848633
15300,0.0022145509719848633
15301,0.0022145509719848633
15302,0.0022145509719848633
15303,0.0022145509719848633
15304,0.0022145509719848633
15305,0.0022145509719848633
15306,0.0022145509719848633
15307,0.0022145509719848633
15308,0.0022145509719848633
15309,0.0022145509719848633
15310,0.0022145509719848633
15311,0.0022145509719848633
15312,0.0022145509719848633
15313,0.0022145509719848633
15314,0.0022145509719848633
15315,0.0022145509719848633
15316,0.0022145509719848633
15317,0.0022145509719848633
15318,0.0022145509719848633
15319,0.0022145509719848633
15320,0.0022145509719848633
15321,0.0022145509719848633
15322,0.0022145509719848633
15323,0.0022145509719848633
15324,0.0022145509719848633
15325,0.0022145509719848633
15326,0.0022145509719848633
15327,0.0022145509719848633
15328,0.0022145509719848633
15329,0.0022145509719848633
15330,0.0022145509719848633
15331,0.0022145509719848633
15332,0.0022145509719848633
15333,0.0022145509719848633
15334,0.0022145509719848633
15335,0.0022145509719848633
15336,0.0022145509719848633
15337,0.0022145509719848633
15338,0.0022145509719848633
15339,0.0022145509719848633
15340,0.0022145509719848633
15341,0.0022145509719848633
15342,0.0022145509719848633
15343,0.0022145509719848633
15344,0.0022145509719848633
15345,0.0022145509719848633
15346,0.0022145509719848633
15347,0.0022145509719848633
15348,0.0022145509719848633
15349,0.0022145509719848633
15350,0.0022145509719848633
15351,0.0022145509719848633
15352,0.0022145509719848633
15353,0.0022145509719848633
15354,0.0022145509719848633
15355,0.0022145509719848633
15356,0.0022145509719848633
15357,0.0022145509719848633
15358,0.0022145509719848633
15359,0.0022145509719848633
15360,0.0022145509719848633
15361,0.0022145509719848633
15362,0.0022145509719848633
15363,0.0022145509719848633
15364,0.0022145509719848633
15365,0.0022145509719848633
15366,0.0022145509719848633
15367,0.0022145509719848633
15368,0.0022145509719848633
15369,0.0022145509719848633
15370,0.0022145509719848633
15371,0.0022145509719848633
15372,0.0022145509719848633
15373,0.0022145509719848633
15374,0.0022145509719848633
15375,0.0022145509719848633
15376,0.0022145509719848633
15377,0.0022145509719848633
15378,0.0022145509719848633
15379,0.0022145509719848633
15380,0.0022145509719848633
15381,0.0022145509719848633
15382,0.0022145509719848633
15383,0.0022145509719848633
15384,0.0022145509719848633
15385,0.0022145509719848633
15386,0.0022145509719848633
15387,0.0022145509719848633
15388,0.0022145509719848633
15389,0.0022145509719848633
15390,0.0022145509719848633
15391,0.0022145509719848633
15392,0.0022145509719848633
15393,0.0022145509719848633
15394,0.0022145509719848633
15395,0.0022145509719848633
15396,0.0022145509719848633
15397,0.0022145509719848633
15398,0.0022145509719848633
15399,0.0022145509719848633
15400,0.0022145509719848633
15401,0.0022145509719848633
15402,0.0022145509719848633
15403,0.0022145509719848633
15404,0.0022145509719848633
15405,0.0022145509719848633
15406,0.0022145509719848633
15407,0.0022145509719848633
15408,0.0022145509719848633
15409,0.0022145509719848633
15410,0.0022145509719848633
15411,0.0022145509719848633
15412,0.0022145509719848633
15413,0.0022145509719848633
15414,0.0022145509719848633
15415,0.0022145509719848633
15416,0.0022145509719848633
15417,0.0022145509719848633
15418,0.0022145509719848633
15419,0.0022145509719848633
15420,0.0022145509719848633
15421,0.0022145509719848633
15422,0.0022145509719848633
15423,0.0022145509719848633
15424,0.0022145509719848633
15425,0.0022145509719848633
15426,0.0022145509719848633
15427,0.0022145509719848633
15428,0.0022145509719848633
15429,0.0022145509719848633
15430,0.0022145509719848633
15431,0.0022145509719848633
15432,0.0022145509719848633
15433,0.0022145509719848633
15434,0.0022145509719848633
15435,0.0022145509719848633
15436,0.0022145509719848633
15437,0.0022145509719848633
15438,0.0022145509719848633
15439,0.0022145509719848633
15440,0.0022145509719848633
15441,0.0022145509719848633
15442,0.0022145509719848633
15443,0.0022145509719848633
15444,0.0022145509719848633
15445,0.0022145509719848633
15446,0.0022145509719848633
15447,0.0022145509719848633
15448,0.0022145509719848633
15449,0.0022145509719848633
15450,0.0022145509719848633
15451,0.0022145509719848633
15452,0.0022145509719848633
15453,0.0022145509719848633
15454,0.0022145509719848633
15455,0.0022145509719848633
15456,0.0022145509719848633
15457,0.0022145509719848633
15458,0.0022145509719848633
15459,0.0022145509719848633
15460,0.0022145509719848633
15461,0.0022145509719848633
15462,0.0022145509719848633
15463,0.0022145509719848633
15464,0.0022145509719848633
15465,0.0022145509719848633
15466,0.0022145509719848633
15467,0.0022145509719848633
15468,0.0022145509719848633
15469,0.0022145509719848633
15470,0.0022145509719848633
15471,0.0022145509719848633
15472,0.0022145509719848633
15473,0.0022145509719848633
15474,0.0022145509719848633
15475,0.0022145509719848633
15476,0.0022145509719848633
15477,0.0022145509719848633
15478,0.0022145509719848633
15479,0.0022145509719848633
15480,0.0022145509719848633
15481,0.0022145509719848633
15482,0.0022145509719848633
15483,0.0022145509719848633
15484,0.0022145509719848633
15485,0.0022145509719848633
15486,0.0022145509719848633
15487,0.0022145509719848633
15488,0.0022145509719848633
15489,0.0022145509719848633
15490,0.0022145509719848633
15491,0.0022145509719848633
15492,0.0022145509719848633
15493,0.0022145509719848633
15494,0.0022145509719848633
15495,0.0022145509719848633
15496,0.0022145509719848633
15497,0.0022145509719848633
15498,0.0022145509719848633
15499,0.0022145509719848633
15500,0.0022145509719848633
15501,0.0022145509719848633
15502,0.0022145509719848633
15503,0.0022145509719848633
15504,0.0022145509719848633
15505,0.0022145509719848633
15506,0.0022145509719848633
15507,0.0022145509719848633
15508,0.0022145509719848633
15509,0.0022145509719848633
15510,0.0022145509719848633
15511,0.0022145509719848633
15512,0.0022145509719848633
15513,0.0022145509719848633
15514,0.0022145509719848633
15515,0.0022145509719848633
15516,0.0022145509719848633
15517,0.0022145509719848633
15518,0.0022145509719848633
15519,0.0022145509719848633
15520,0.0022145509719848633
15521,0.0022145509719848633
15522,0.0022145509719848633
15523,0.0022145509719848633
15524,0.0022145509719848633
15525,0.0022145509719848633
15526,0.0022145509719848633
15527,0.0022145509719848633
15528,0.0022145509719848633
15529,0.0022145509719848633
15530,0.0022145509719848633
15531,0.0022145509719848633
15532,0.0022145509719848633
15533,0.0022145509719848633
15534,0.0022145509719848633
15535,0.0022145509719848633
15536,0.0022145509719848633
15537,0.0022145509719848633
15538,0.0022145509719848633
15539,0.0022145509719848633
15540,0.0022145509719848633
15541,0.0022145509719848633
15542,0.0022145509719848633
15543,0.0022145509719848633
15544,0.0022145509719848633
15545,0.0022145509719848633
15546,0.0022145509719848633
15547,0.0022145509719848633
15548,0.0022145509719848633
15549,0.0022145509719848633
15550,0.0022145509719848633
15551,0.0022145509719848633
15552,0.0022145509719848633
15553,0.0022145509719848633
15554,0.0022145509719848633
15555,0.0022145509719848633
15556,0.0022145509719848633
15557,0.0022145509719848633
15558,0.0022145509719848633
15559,0.0022145509719848633
15560,0.0022145509719848633
15561,0.0022145509719848633
15562,0.0022145509719848633
15563,0.0022145509719848633
15564,0.0022145509719848633
15565,0.0022145509719848633
15566,0.0022145509719848633
15567,0.0022145509719848633
15568,0.0022145509719848633
15569,0.0022145509719848633
15570,0.0022145509719848633
15571,0.0022145509719848633
15572,0.0022145509719848633
15573,0.0022145509719848633
15574,0.0022145509719848633
15575,0.0022145509719848633
15576,0.0022145509719848633
15577,0.0022145509719848633
15578,0.0022145509719848633
15579,0.0022145509719848633
15580,0.0022145509719848633
15581,0.0022145509719848633
15582,0.0022145509719848633
15583,0.0022145509719848633
15584,0.0022145509719848633
15585,0.0022145509719848633
15586,0.0022145509719848633
15587,0.0022145509719848633
15588,0.0022145509719848633
15589,0.0022145509719848633
15590,0.0022145509719848633
15591,0.0022145509719848633
15592,0.0022145509719848633
15593,0.0022145509719848633
15594,0.0022145509719848633
15595,0.0022145509719848633
15596,0.0022145509719848633
15597,0.0022145509719848633
15598,0.0022145509719848633
15599,0.0022145509719848633
15600,0.0022145509719848633
15601,0.0022145509719848633
15602,0.0022145509719848633
15603,0.0022145509719848633
15604,0.0022145509719848633
15605,0.0022145509719848633
15606,0.0022145509719848633
15607,0.0022145509719848633
15608,0.0022145509719848633
15609,0.0022145509719848633
15610,0.0022145509719848633
15611,0.0022145509719848633
15612,0.0022145509719848633
15613,0.0022145509719848633
15614,0.0022145509719848633
15615,0.0022145509719848633
15616,0.0022145509719848633
15617,0.0022145509719848633
15618,0.0022145509719848633
15619,0.0022145509719848633
15620,0.0022145509719848633
15621,0.0022145509719848633
15622,0.0022145509719848633
15623,0.0022145509719848633
15624,0.0022145509719848633
15625,0.0022145509719848633
15626,0.0022145509719848633
15627,0.0022145509719848633
15628,0.0022145509719848633
15629,0.0022145509719848633
15630,0.0022145509719848633
15631,0.0022145509719848633
15632,0.0022145509719848633
15633,0.0022145509719848633
15634,0.0022145509719848633
15635,0.0022145509719848633
15636,0.0022145509719848633
15637,0.0022145509719848633
15638,0.0022145509719848633
15639,0.0022145509719848633
15640,0.0022145509719848633
15641,0.0022145509719848633
15642,0.0022145509719848633
15643,0.0022145509719848633
15644,0.0022145509719848633
15645,0.0022145509719848633
15646,0.0022145509719848633
15647,0.0022145509719848633
15648,0.0022145509719848633
15649,0.0022145509719848633
15650,0.0022145509719848633
15651,0.0022145509719848633
15652,0.0022145509719848633
15653,0.0022145509719848633
15654,0.0022145509719848633
15655,0.0022145509719848633
15656,0.0022145509719848633
15657,0.0022145509719848633
15658,0.0022145509719848633
15659,0.0022145509719848633
15660,0.0022145509719848633
15661,0.0022145509719848633
15662,0.0022145509719848633
15663,0.0022145509719848633
15664,0.0022145509719848633
15665,0.0022145509719848633
15666,0.0022145509719848633
15667,0.0022145509719848633
15668,0.0022145509719848633
15669,0.0022145509719848633
15670,0.0022145509719848633
15671,0.0022145509719848633
15672,0.0022145509719848633
15673,0.0022145509719848633
15674,0.0022145509719848633
15675,0.0022145509719848633
15676,0.0022145509719848633
15677,0.0022145509719848633
15678,0.0022145509719848633
15679,0.0022145509719848633
15680,0.0022145509719848633
15681,0.0022145509719848633
15682,0.0022145509719848633
15683,0.0022145509719848633
15684,0.0022145509719848633
15685,0.0022145509719848633
15686,0.0022145509719848633
15687,0.0022145509719848633
15688,0.0022145509719848633
15689,0.0022145509719848633
15690,0.0022145509719848633
15691,0.0022145509719848633
15692,0.0022145509719848633
15693,0.0022145509719848633
15694,0.0022145509719848633
15695,0.0022145509719848633
15696,0.0022145509719848633
15697,0.0022145509719848633
15698,0.0022145509719848633
15699,0.0022145509719848633
15700,0.0022145509719848633
15701,0.0022145509719848633
15702,0.0022145509719848633
15703,0.0022145509719848633
15704,0.0022145509719848633
15705,0.0022145509719848633
15706,0.0022145509719848633
15707,0.0022145509719848633
15708,0.0022145509719848633
15709,0.0022145509719848633
15710,0.0022145509719848633
15711,0.0022145509719848633
15712,0.0022145509719848633
15713,0.0022145509719848633
15714,0.0022145509719848633
15715,0.0022145509719848633
15716,0.0022145509719848633
15717,0.0022145509719848633
15718,0.0022145509719848633
15719,0.0022145509719848633
15720,0.0022145509719848633
15721,0.0022145509719848633
15722,0.0022145509719848633
15723,0.0022145509719848633
15724,0.0022145509719848633
15725,0.0022145509719848633
15726,0.0022145509719848633
15727,0.0022145509719848633
15728,0.0022145509719848633
15729,0.0022145509719848633
15730,0.0022145509719848633
15731,0.0022145509719848633
15732,0.0022145509719848633
15733,0.0022145509719848633
15734,0.0022145509719848633
15735,0.0022145509719848633
15736,0.0022145509719848633
15737,0.0022145509719848633
15738,0.0022145509719848633
15739,0.0022145509719848633
15740,0.0022145509719848633
15741,0.0022145509719848633
15742,0.0022145509719848633
15743,0.0022145509719848633
15744,0.0022145509719848633
15745,0.0022145509719848633
15746,0.0022145509719848633
15747,0.0022145509719848633
15748,0.0022145509719848633
15749,0.0022145509719848633
15750,0.0022145509719848633
15751,0.0022145509719848633
15752,0.0022145509719848633
15753,0.0022145509719848633
15754,0.0022145509719848633
15755,0.0022145509719848633
15756,0.0022145509719848633
15757,0.0022145509719848633
15758,0.0022145509719848633
15759,0.0022145509719848633
15760,0.0022145509719848633
15761,0.0022145509719848633
15762,0.0022145509719848633
15763,0.0022145509719848633
15764,0.0022145509719848633
15765,0.0022145509719848633
15766,0.0022145509719848633
15767,0.0022145509719848633
15768,0.0022145509719848633
15769,0.0022145509719848633
15770,0.0022145509719848633
15771,0.0022145509719848633
15772,0.0022145509719848633
15773,0.0022145509719848633
15774,0.0022145509719848633
15775,0.0022145509719848633
15776,0.0022145509719848633
15777,0.0022145509719848633
15778,0.0022145509719848633
15779,0.0022145509719848633
15780,0.0022145509719848633
15781,0.0022145509719848633
15782,0.0022145509719848633
15783,0.0022145509719848633
15784,0.0022145509719848633
15785,0.0022145509719848633
15786,0.0022145509719848633
15787,0.0022145509719848633
15788,0.0022145509719848633
15789,0.0022145509719848633
15790,0.0022145509719848633
15791,0.0022145509719848633
15792,0.0022145509719848633
15793,0.0022145509719848633
15794,0.0022145509719848633
15795,0.0022145509719848633
15796,0.0022145509719848633
15797,0.0022145509719848633
15798,0.0022145509719848633
15799,0.0022145509719848633
15800,0.0022145509719848633
15801,0.0022145509719848633
15802,0.0022145509719848633
15803,0.0022145509719848633
15804,0.0022145509719848633
15805,0.0022145509719848633
15806,0.0022145509719848633
15807,0.0022145509719848633
15808,0.0022145509719848633
15809,0.0022145509719848633
15810,0.0022145509719848633
15811,0.0022145509719848633
15812,0.0022145509719848633
15813,0.0022145509719848633
15814,0.0022145509719848633
15815,0.0022145509719848633
15816,0.0022145509719848633
15817,0.0022145509719848633
15818,0.0022145509719848633
15819,0.0022145509719848633
15820,0.0022145509719848633
15821,0.0022145509719848633
15822,0.0022145509719848633
15823,0.0022145509719848633
15824,0.0022145509719848633
15825,0.0022145509719848633
15826,0.0022145509719848633
15827,0.0022145509719848633
15828,0.0022145509719848633
15829,0.0022145509719848633
15830,0.0022145509719848633
15831,0.0022145509719848633
15832,0.0022145509719848633
15833,0.0022145509719848633
15834,0.0022145509719848633
15835,0.0022145509719848633
15836,0.0022145509719848633
15837,0.0022145509719848633
15838,0.0022145509719848633
15839,0.0022145509719848633
15840,0.0022145509719848633
15841,0.0022145509719848633
15842,0.0022145509719848633
15843,0.0022145509719848633
15844,0.0022145509719848633
15845,0.0022145509719848633
15846,0.0022145509719848633
15847,0.0022145509719848633
15848,0.0022145509719848633
15849,0.0022145509719848633
15850,0.0022145509719848633
15851,0.0022145509719848633
15852,0.0022145509719848633
15853,0.0022145509719848633
15854,0.0022145509719848633
15855,0.0022145509719848633
15856,0.0022145509719848633
15857,0.0022145509719848633
15858,0.0022145509719848633
15859,0.0022145509719848633
15860,0.0022145509719848633
15861,0.0022145509719848633
15862,0.0022145509719848633
15863,0.0022145509719848633
15864,0.0022145509719848633
15865,0.0022145509719848633
15866,0.0022145509719848633
15867,0.0022145509719848633
15868,0.0022145509719848633
15869,0.0022145509719848633
15870,0.0022145509719848633
15871,0.0022145509719848633
15872,0.0022145509719848633
15873,0.0022145509719848633
15874,0.0022145509719848633
15875,0.0022145509719848633
15876,0.0022145509719848633
15877,0.0022145509719848633
15878,0.0022145509719848633
15879,0.0022145509719848633
15880,0.0022145509719848633
15881,0.0022145509719848633
15882,0.0022145509719848633
15883,0.0022145509719848633
15884,0.0022145509719848633
15885,0.0022145509719848633
15886,0.0022145509719848633
15887,0.0022145509719848633
15888,0.0022145509719848633
15889,0.0022145509719848633
15890,0.0022145509719848633
15891,0.0022145509719848633
15892,0.0022145509719848633
15893,0.0022145509719848633
15894,0.0022145509719848633
15895,0.0022145509719848633
15896,0.0022145509719848633
15897,0.0022145509719848633
15898,0.0022145509719848633
15899,0.0022145509719848633
15900,0.0022145509719848633
15901,0.0022145509719848633
15902,0.0022145509719848633
15903,0.0022145509719848633
15904,0.0022145509719848633
15905,0.0022145509719848633
15906,0.0022145509719848633
15907,0.0022145509719848633
15908,0.0022145509719848633
15909,0.0022145509719848633
15910,0.0022145509719848633
15911,0.0022145509719848633
15912,0.0022145509719848633
15913,0.0022145509719848633
15914,0.0022145509719848633
15915,0.0022145509719848633
15916,0.0022145509719848633
15917,0.0022145509719848633
15918,0.0022145509719848633
15919,0.0022145509719848633
15920,0.0022145509719848633
15921,0.0022145509719848633
15922,0.0022145509719848633
15923,0.0022145509719848633
15924,0.0022145509719848633
15925,0.0022145509719848633
15926,0.0022145509719848633
15927,0.0022145509719848633
15928,0.0022145509719848633
15929,0.0022145509719848633
15930,0.0022145509719848633
15931,0.0022145509719848633
15932,0.0022145509719848633
15933,0.0022145509719848633
15934,0.0022145509719848633
15935,0.0022145509719848633
15936,0.0022145509719848633
15937,0.0022145509719848633
15938,0.0022145509719848633
15939,0.0022145509719848633
15940,0.0022145509719848633
15941,0.0022145509719848633
15942,0.0022145509719848633
15943,0.0022145509719848633
15944,0.0022145509719848633
15945,0.0022145509719848633
15946,0.0022145509719848633
15947,0.0022145509719848633
15948,0.0022145509719848633
15949,0.0022145509719848633
15950,0.0022145509719848633
15951,0.0022145509719848633
15952,0.0022145509719848633
15953,0.0022145509719848633
15954,0.0022145509719848633
15955,0.0022145509719848633
15956,0.0022145509719848633
15957,0.0022145509719848633
15958,0.0022145509719848633
15959,0.0022145509719848633
15960,0.0022145509719848633
15961,0.0022145509719848633
15962,0.0022145509719848633
15963,0.0022145509719848633
15964,0.0022145509719848633
15965,0.0022145509719848633
15966,0.0022145509719848633
15967,0.0022145509719848633
15968,0.0022145509719848633
15969,0.0022145509719848633
15970,0.0022145509719848633
15971,0.0022145509719848633
15972,0.0022145509719848633
15973,0.0022145509719848633
15974,0.0022145509719848633
15975,0.0022145509719848633
15976,0.0022145509719848633
15977,0.0022145509719848633
15978,0.0022145509719848633
15979,0.0022145509719848633
15980,0.0022145509719848633
15981,0.0022145509719848633
15982,0.0022145509719848633
15983,0.0022145509719848633
15984,0.0022145509719848633
15985,0.0022145509719848633
15986,0.0022145509719848633
15987,0.0022145509719848633
15988,0.0022145509719848633
15989,0.0022145509719848633
15990,0.0022145509719848633
15991,0.0022145509719848633
15992,0.0022145509719848633
15993,0.0022145509719848633
15994,0.0022145509719848633
15995,0.0022145509719848633
15996,0.0022145509719848633
15997,0.0022145509719848633
15998,0.0022145509719848633
15999,0.0022145509719848633
16000,0.0022145509719848633
16001,0.0022145509719848633
16002,0.0022145509719848633
16003,0.0022145509719848633
16004,0.0022145509719848633
16005,0.0022145509719848633
16006,0.0022145509719848633
16007,0.0022145509719848633
16008,0.0022145509719848633
16009,0.0022145509719848633
16010,0.0022145509719848633
16011,0.0022145509719848633
16012,0.0022145509719848633
16013,0.0022145509719848633
16014,0.0022145509719848633
16015,0.0022145509719848633
16016,0.0022145509719848633
16017,0.0022145509719848633
16018,0.0022145509719848633
16019,0.0022145509719848633
16020,0.0022145509719848633
16021,0.0022145509719848633
16022,0.0022145509719848633
16023,0.0022145509719848633
16024,0.0022145509719848633
16025,0.0022145509719848633
16026,0.0022145509719848633
16027,0.0022145509719848633
16028,0.0022145509719848633
16029,0.0022145509719848633
16030,0.0022145509719848633
16031,0.0022145509719848633
16032,0.0022145509719848633
16033,0.0022145509719848633
16034,0.0022145509719848633
16035,0.0022145509719848633
16036,0.0022145509719848633
16037,0.0022145509719848633
16038,0.0022145509719848633
16039,0.0022145509719848633
16040,0.0022145509719848633
16041,0.0022145509719848633
16042,0.0022145509719848633
16043,0.0022145509719848633
16044,0.0022145509719848633
16045,0.0022145509719848633
16046,0.0022145509719848633
16047,0.0022145509719848633
16048,0.0022145509719848633
16049,0.0022145509719848633
16050,0.0022145509719848633
16051,0.0022145509719848633
16052,0.0022145509719848633
16053,0.0022145509719848633
16054,0.0022145509719848633
16055,0.0022145509719848633
16056,0.0022145509719848633
16057,0.0022145509719848633
16058,0.0022145509719848633
16059,0.0022145509719848633
16060,0.0022145509719848633
16061,0.0022145509719848633
16062,0.0022145509719848633
16063,0.0022145509719848633
16064,0.0022145509719848633
16065,0.0022145509719848633
16066,0.0022145509719848633
16067,0.0022145509719848633
16068,0.0022145509719848633
16069,0.0022145509719848633
16070,0.0022145509719848633
16071,0.0022145509719848633
16072,0.0022145509719848633
16073,0.0022145509719848633
16074,0.0022145509719848633
16075,0.0022145509719848633
16076,0.0022145509719848633
16077,0.0022145509719848633
16078,0.0022145509719848633
16079,0.0022145509719848633
16080,0.0022145509719848633
16081,0.0022145509719848633
16082,0.0022145509719848633
16083,0.0022145509719848633
16084,0.0022145509719848633
16085,0.0022145509719848633
16086,0.0022145509719848633
16087,0.0022145509719848633
16088,0.0022145509719848633
16089,0.0022145509719848633
16090,0.0022145509719848633
16091,0.0022145509719848633
16092,0.0022145509719848633
16093,0.0022145509719848633
16094,0.0022145509719848633
16095,0.0022145509719848633
16096,0.0022145509719848633
16097,0.0022145509719848633
16098,0.0022145509719848633
16099,0.0022145509719848633
16100,0.0022145509719848633
16101,0.0022145509719848633
16102,0.0022145509719848633
16103,0.0022145509719848633
16104,0.0022145509719848633
16105,0.0022145509719848633
16106,0.0022145509719848633
16107,0.0022145509719848633
16108,0.0022145509719848633
16109,0.0022145509719848633
16110,0.0022145509719848633
16111,0.0022145509719848633
16112,0.0022145509719848633
16113,0.0022145509719848633
16114,0.0022145509719848633
16115,0.0022145509719848633
16116,0.0022145509719848633
16117,0.0022145509719848633
16118,0.0022145509719848633
16119,0.0022145509719848633
16120,0.0022145509719848633
16121,0.0022145509719848633
16122,0.0022145509719848633
16123,0.0022145509719848633
16124,0.0022145509719848633
16125,0.0022145509719848633
16126,0.0022145509719848633
16127,0.0022145509719848633
16128,0.0022145509719848633
16129,0.0022145509719848633
16130,0.0022145509719848633
16131,0.0022145509719848633
16132,0.0022145509719848633
16133,0.0022145509719848633
16134,0.0022145509719848633
16135,0.0022145509719848633
16136,0.0022145509719848633
16137,0.0022145509719848633
16138,0.0022145509719848633
16139,0.0022145509719848633
16140,0.0022145509719848633
16141,0.0022145509719848633
16142,0.0022145509719848633
16143,0.0022145509719848633
16144,0.0022145509719848633
16145,0.0022145509719848633
16146,0.0022145509719848633
16147,0.0022145509719848633
16148,0.0022145509719848633
16149,0.0022145509719848633
16150,0.0022145509719848633
16151,0.0022145509719848633
16152,0.0022145509719848633
16153,0.0022145509719848633
16154,0.0022145509719848633
16155,0.0022145509719848633
16156,0.0022145509719848633
16157,0.0022145509719848633
16158,0.0022145509719848633
16159,0.0022145509719848633
16160,0.0022145509719848633
16161,0.0022145509719848633
16162,0.0022145509719848633
16163,0.0022145509719848633
16164,0.0022145509719848633
16165,0.0022145509719848633
16166,0.0022145509719848633
16167,0.0022145509719848633
16168,0.0022145509719848633
16169,0.0022145509719848633
16170,0.0022145509719848633
16171,0.0022145509719848633
16172,0.0022145509719848633
16173,0.0022145509719848633
16174,0.0022145509719848633
16175,0.0022145509719848633
16176,0.0022145509719848633
16177,0.0022145509719848633
16178,0.0022145509719848633
16179,0.0022145509719848633
16180,0.0022145509719848633
16181,0.0022145509719848633
16182,0.0022145509719848633
16183,0.0022145509719848633
16184,0.0022145509719848633
16185,0.0022145509719848633
16186,0.0022145509719848633
16187,0.0022145509719848633
16188,0.0022145509719848633
16189,0.0022145509719848633
16190,0.0022145509719848633
16191,0.0022145509719848633
16192,0.0022145509719848633
16193,0.0022145509719848633
16194,0.0022145509719848633
16195,0.0022145509719848633
16196,0.0022145509719848633
16197,0.0022145509719848633
16198,0.0022145509719848633
16199,0.0022145509719848633
16200,0.0022145509719848633
16201,0.0022145509719848633
16202,0.0022145509719848633
16203,0.0022145509719848633
16204,0.0022145509719848633
16205,0.0022145509719848633
16206,0.0022145509719848633
16207,0.0022145509719848633
16208,0.0022145509719848633
16209,0.0022145509719848633
16210,0.0022145509719848633
16211,0.0022145509719848633
16212,0.0022145509719848633
16213,0.0022145509719848633
16214,0.0022145509719848633
16215,0.0022145509719848633
16216,0.0022145509719848633
16217,0.0022145509719848633
16218,0.0022145509719848633
16219,0.0022145509719848633
16220,0.0022145509719848633
16221,0.0022145509719848633
16222,0.0022145509719848633
16223,0.0022145509719848633
16224,0.0022145509719848633
16225,0.0022145509719848633
16226,0.0022145509719848633
16227,0.0022145509719848633
16228,0.0022145509719848633
16229,0.0022145509719848633
16230,0.0022145509719848633
16231,0.0022145509719848633
16232,0.0022145509719848633
16233,0.0022145509719848633
16234,0.0022145509719848633
16235,0.0022145509719848633
16236,0.0022145509719848633
16237,0.0022145509719848633
16238,0.0022145509719848633
16239,0.0022145509719848633
16240,0.0022145509719848633
16241,0.0022145509719848633
16242,0.0022145509719848633
16243,0.0022145509719848633
16244,0.0022145509719848633
16245,0.0022145509719848633
16246,0.0022145509719848633
16247,0.0022145509719848633
16248,0.0022145509719848633
16249,0.0022145509719848633
16250,0.0022145509719848633
16251,0.0022145509719848633
16252,0.0022145509719848633
16253,0.0022145509719848633
16254,0.0022145509719848633
16255,0.0022145509719848633
16256,0.0022145509719848633
16257,0.0022145509719848633
16258,0.0022145509719848633
16259,0.0022145509719848633
16260,0.0022145509719848633
16261,0.0022145509719848633
16262,0.0022145509719848633
16263,0.0022145509719848633
16264,0.0022145509719848633
16265,0.0022145509719848633
16266,0.0022145509719848633
16267,0.0022145509719848633
16268,0.0022145509719848633
16269,0.0022145509719848633
16270,0.0022145509719848633
16271,0.0022145509719848633
16272,0.0022145509719848633
16273,0.0022145509719848633
16274,0.0022145509719848633
16275,0.0022145509719848633
16276,0.0022145509719848633
16277,0.0022145509719848633
16278,0.0022145509719848633
16279,0.0022145509719848633
16280,0.0022145509719848633
16281,0.0022145509719848633
16282,0.0022145509719848633
16283,0.0022145509719848633
16284,0.0022145509719848633
16285,0.0022145509719848633
16286,0.0022145509719848633
16287,0.0022145509719848633
16288,0.0022145509719848633
16289,0.0022145509719848633
16290,0.0022145509719848633
16291,0.0022145509719848633
16292,0.0022145509719848633
16293,0.0022145509719848633
16294,0.0022145509719848633
16295,0.0022145509719848633
16296,0.0022145509719848633
16297,0.0022145509719848633
16298,0.0022145509719848633
16299,0.0022145509719848633
16300,0.0022145509719848633
16301,0.0022145509719848633
16302,0.0022145509719848633
16303,0.0022145509719848633
16304,0.0022145509719848633
16305,0.0022145509719848633
16306,0.0022145509719848633
16307,0.0022145509719848633
16308,0.0022145509719848633
16309,0.0022145509719848633
16310,0.0022145509719848633
16311,0.0022145509719848633
16312,0.0022145509719848633
16313,0.0022145509719848633
16314,0.0022145509719848633
16315,0.0022145509719848633
16316,0.0022145509719848633
16317,0.0022145509719848633
16318,0.0022145509719848633
16319,0.0022145509719848633
16320,0.0022145509719848633
16321,0.0022145509719848633
16322,0.0022145509719848633
16323,0.0022145509719848633
16324,0.0022145509719848633
16325,0.0022145509719848633
16326,0.0022145509719848633
16327,0.0022145509719848633
16328,0.0022145509719848633
16329,0.0022145509719848633
16330,0.0022145509719848633
16331,0.0022145509719848633
16332,0.0022145509719848633
16333,0.0022145509719848633
16334,0.0022145509719848633
16335,0.0022145509719848633
16336,0.0022145509719848633
16337,0.0022145509719848633
16338,0.0022145509719848633
16339,0.0022145509719848633
16340,0.0022145509719848633
16341,0.0022145509719848633
16342,0.0022145509719848633
16343,0.0022145509719848633
16344,0.0022145509719848633
16345,0.0022145509719848633
16346,0.0022145509719848633
16347,0.0022145509719848633
16348,0.0022145509719848633
16349,0.0022145509719848633
16350,0.0022145509719848633
16351,0.0022145509719848633
16352,0.0022145509719848633
16353,0.0022145509719848633
16354,0.0022145509719848633
16355,0.0022145509719848633
16356,0.0022145509719848633
16357,0.0022145509719848633
16358,0.0022145509719848633
16359,0.0022145509719848633
16360,0.0022145509719848633
16361,0.0022145509719848633
16362,0.0022145509719848633
16363,0.0022145509719848633
16364,0.0022145509719848633
16365,0.0022145509719848633
16366,0.0022145509719848633
16367,0.0022145509719848633
16368,0.0022145509719848633
16369,0.0022145509719848633
16370,0.0022145509719848633
16371,0.0022145509719848633
16372,0.0022145509719848633
16373,0.0022145509719848633
16374,0.0022145509719848633
16375,0.0022145509719848633
16376,0.0022145509719848633
16377,0.0022145509719848633
16378,0.0022145509719848633
16379,0.0022145509719848633
16380,0.0022145509719848633
16381,0.0022145509719848633
16382,0.0022145509719848633
16383,0.0022145509719848633
16384,0.0022145509719848633
16385,0.0022145509719848633
16386,0.0022145509719848633
16387,0.0022145509719848633
16388,0.0022145509719848633
16389,0.0022145509719848633
16390,0.0022145509719848633
16391,0.0022145509719848633
16392,0.0022145509719848633
16393,0.0022145509719848633
16394,0.0022145509719848633
16395,0.0022145509719848633
16396,0.0022145509719848633
16397,0.0022145509719848633
16398,0.0022145509719848633
16399,0.0022145509719848633
16400,0.0022145509719848633
16401,0.0022145509719848633
16402,0.0022145509719848633
16403,0.0022145509719848633
16404,0.0022145509719848633
16405,0.0022145509719848633
16406,0.0022145509719848633
16407,0.0022145509719848633
16408,0.0022145509719848633
16409,0.0022145509719848633
16410,0.0022145509719848633
16411,0.0022145509719848633
16412,0.0022145509719848633
16413,0.0022145509719848633
16414,0.0022145509719848633
16415,0.0022145509719848633
16416,0.0022145509719848633
16417,0.0022145509719848633
16418,0.0022145509719848633
16419,0.0022145509719848633
16420,0.0022145509719848633
16421,0.0022145509719848633
16422,0.0022145509719848633
16423,0.0022145509719848633
16424,0.0022145509719848633
16425,0.0022145509719848633
16426,0.0022145509719848633
16427,0.0022145509719848633
16428,0.0022145509719848633
16429,0.0022145509719848633
16430,0.0022145509719848633
16431,0.0022145509719848633
16432,0.0022145509719848633
16433,0.0022145509719848633
16434,0.0022145509719848633
16435,0.0022145509719848633
16436,0.0022145509719848633
16437,0.0022145509719848633
16438,0.0022145509719848633
16439,0.0022145509719848633
16440,0.0022145509719848633
16441,0.0022145509719848633
16442,0.0022145509719848633
16443,0.0022145509719848633
16444,0.0022145509719848633
16445,0.0022145509719848633
16446,0.0022145509719848633
16447,0.0022145509719848633
16448,0.0022145509719848633
16449,0.0022145509719848633
16450,0.0022145509719848633
16451,0.0022145509719848633
16452,0.0022145509719848633
16453,0.0022145509719848633
16454,0.0022145509719848633
16455,0.0022145509719848633
16456,0.0022145509719848633
16457,0.0022145509719848633
16458,0.0022145509719848633
16459,0.0022145509719848633
16460,0.0022145509719848633
16461,0.0022145509719848633
16462,0.0022145509719848633
16463,0.0022145509719848633
16464,0.0022145509719848633
16465,0.0022145509719848633
16466,0.0022145509719848633
16467,0.0022145509719848633
16468,0.0022145509719848633
16469,0.0022145509719848633
16470,0.0022145509719848633
16471,0.0022145509719848633
16472,0.0022145509719848633
16473,0.0022145509719848633
16474,0.0022145509719848633
16475,0.0022145509719848633
16476,0.0022145509719848633
16477,0.0022145509719848633
16478,0.0022145509719848633
16479,0.0022145509719848633
16480,0.0022145509719848633
16481,0.0022145509719848633
16482,0.0022145509719848633
16483,0.0022145509719848633
16484,0.0022145509719848633
16485,0.0022145509719848633
16486,0.0022145509719848633
16487,0.0022145509719848633
16488,0.0022145509719848633
16489,0.0022145509719848633
16490,0.0022145509719848633
16491,0.0022145509719848633
16492,0.0022145509719848633
16493,0.0022145509719848633
16494,0.0022145509719848633
16495,0.0022145509719848633
16496,0.0022145509719848633
16497,0.0022145509719848633
16498,0.0022145509719848633
16499,0.0022145509719848633
16500,0.0022145509719848633
16501,0.0022145509719848633
16502,0.0022145509719848633
16503,0.0022145509719848633
16504,0.0022145509719848633
16505,0.0022145509719848633
16506,0.0022145509719848633
16507,0.0022145509719848633
16508,0.0022145509719848633
16509,0.0022145509719848633
16510,0.0022145509719848633
16511,0.0022145509719848633
16512,0.0022145509719848633
16513,0.0022145509719848633
16514,0.0022145509719848633
16515,0.0022145509719848633
16516,0.0022145509719848633
16517,0.0022145509719848633
16518,0.0022145509719848633
16519,0.0022145509719848633
16520,0.0022145509719848633
16521,0.0022145509719848633
16522,0.0022145509719848633
16523,0.0022145509719848633
16524,0.0022145509719848633
16525,0.0022145509719848633
16526,0.0022145509719848633
16527,0.0022145509719848633
16528,0.0022145509719848633
16529,0.0022145509719848633
16530,0.0022145509719848633
16531,0.0022145509719848633
16532,0.0022145509719848633
16533,0.0022145509719848633
16534,0.0022145509719848633
16535,0.0022145509719848633
16536,0.0022145509719848633
16537,0.0022145509719848633
16538,0.0022145509719848633
16539,0.0022145509719848633
16540,0.0022145509719848633
16541,0.0022145509719848633
16542,0.0022145509719848633
16543,0.0022145509719848633
16544,0.0022145509719848633
16545,0.0022145509719848633
16546,0.0022145509719848633
16547,0.0022145509719848633
16548,0.0022145509719848633
16549,0.0022145509719848633
16550,0.0022145509719848633
16551,0.0022145509719848633
16552,0.0022145509719848633
16553,0.0022145509719848633
16554,0.0022145509719848633
16555,0.0022145509719848633
16556,0.0022145509719848633
16557,0.0022145509719848633
16558,0.0022145509719848633
16559,0.0022145509719848633
16560,0.0022145509719848633
16561,0.0022145509719848633
16562,0.0022145509719848633
16563,0.0022145509719848633
16564,0.0022145509719848633
16565,0.0022145509719848633
16566,0.0022145509719848633
16567,0.0022145509719848633
16568,0.0022145509719848633
16569,0.0022145509719848633
16570,0.0022145509719848633
16571,0.0022145509719848633
16572,0.0022145509719848633
16573,0.0022145509719848633
16574,0.0022145509719848633
16575,0.0022145509719848633
16576,0.0022145509719848633
16577,0.0022145509719848633
16578,0.0022145509719848633
16579,0.0022145509719848633
16580,0.0022145509719848633
16581,0.0022145509719848633
16582,0.0022145509719848633
16583,0.0022145509719848633
16584,0.0022145509719848633
16585,0.0022145509719848633
16586,0.0022145509719848633
16587,0.0022145509719848633
16588,0.0022145509719848633
16589,0.0022145509719848633
16590,0.0022145509719848633
16591,0.0022145509719848633
16592,0.0022145509719848633
16593,0.0022145509719848633
16594,0.0022145509719848633
16595,0.0022145509719848633
16596,0.0022145509719848633
16597,0.0022145509719848633
16598,0.0022145509719848633
16599,0.0022145509719848633
16600,0.0022145509719848633
16601,0.0022145509719848633
16602,0.0022145509719848633
16603,0.0022145509719848633
16604,0.0022145509719848633
16605,0.0022145509719848633
16606,0.0022145509719848633
16607,0.0022145509719848633
16608,0.0022145509719848633
16609,0.0022145509719848633
16610,0.0022145509719848633
16611,0.0022145509719848633
16612,0.0022145509719848633
16613,0.0022145509719848633
16614,0.0022145509719848633
16615,0.0022145509719848633
16616,0.0022145509719848633
16617,0.0022145509719848633
16618,0.0022145509719848633
16619,0.0022145509719848633
16620,0.0022145509719848633
16621,0.0022145509719848633
16622,0.0022145509719848633
16623,0.0022145509719848633
16624,0.0022145509719848633
16625,0.0022145509719848633
16626,0.0022145509719848633
16627,0.0022145509719848633
16628,0.0022145509719848633
16629,0.0022145509719848633
16630,0.0022145509719848633
16631,0.0022145509719848633
16632,0.0022145509719848633
16633,0.0022145509719848633
16634,0.0022145509719848633
16635,0.0022145509719848633
16636,0.0022145509719848633
16637,0.0022145509719848633
16638,0.0022145509719848633
16639,0.0022145509719848633
16640,0.0022145509719848633
16641,0.0022145509719848633
16642,0.0022145509719848633
16643,0.0022145509719848633
16644,0.0022145509719848633
16645,0.0022145509719848633
16646,0.0022145509719848633
16647,0.0022145509719848633
16648,0.0022145509719848633
16649,0.0022145509719848633
16650,0.0022145509719848633
16651,0.0022145509719848633
16652,0.0022145509719848633
16653,0.0022145509719848633
16654,0.0022145509719848633
16655,0.0022145509719848633
16656,0.0022145509719848633
16657,0.0022145509719848633
16658,0.0022145509719848633
16659,0.0022145509719848633
16660,0.0022145509719848633
16661,0.0022145509719848633
16662,0.0022145509719848633
16663,0.0022145509719848633
16664,0.0022145509719848633
16665,0.0022145509719848633
16666,0.0022145509719848633
16667,0.0022145509719848633
16668,0.0022145509719848633
16669,0.0022145509719848633
16670,0.0022145509719848633
16671,0.0022145509719848633
16672,0.0022145509719848633
16673,0.0022145509719848633
16674,0.0022145509719848633
16675,0.0022145509719848633
16676,0.0022145509719848633
16677,0.0022145509719848633
16678,0.0022145509719848633
16679,0.0022145509719848633
16680,0.0022145509719848633
16681,0.0022145509719848633
16682,0.0022145509719848633
16683,0.0022145509719848633
16684,0.0022145509719848633
16685,0.0022145509719848633
16686,0.0022145509719848633
16687,0.0022145509719848633
16688,0.0022145509719848633
16689,0.0022145509719848633
16690,0.0022145509719848633
16691,0.0022145509719848633
16692,0.0022145509719848633
16693,0.0022145509719848633
16694,0.0022145509719848633
16695,0.0022145509719848633
16696,0.0022145509719848633
16697,0.0022145509719848633
16698,0.0022145509719848633
16699,0.0022145509719848633
16700,0.0022145509719848633
16701,0.0022145509719848633
16702,0.0022145509719848633
16703,0.0022145509719848633
16704,0.0022145509719848633
16705,0.0022145509719848633
16706,0.0022145509719848633
16707,0.0022145509719848633
16708,0.0022145509719848633
16709,0.0022145509719848633
16710,0.0022145509719848633
16711,0.0022145509719848633
16712,0.0022145509719848633
16713,0.0022145509719848633
16714,0.0022145509719848633
16715,0.0022145509719848633
16716,0.0022145509719848633
16717,0.0022145509719848633
16718,0.0022145509719848633
16719,0.0022145509719848633
16720,0.0022145509719848633
16721,0.0022145509719848633
16722,0.0022145509719848633
16723,0.0022145509719848633
16724,0.0022145509719848633
16725,0.0022145509719848633
16726,0.0022145509719848633
16727,0.0022145509719848633
16728,0.0022145509719848633
16729,0.0022145509719848633
16730,0.0022145509719848633
16731,0.0022145509719848633
16732,0.0022145509719848633
16733,0.0022145509719848633
16734,0.0022145509719848633
16735,0.0022145509719848633
16736,0.0022145509719848633
16737,0.0022145509719848633
16738,0.0022145509719848633
16739,0.0022145509719848633
16740,0.0022145509719848633
16741,0.0022145509719848633
16742,0.0022145509719848633
16743,0.0022145509719848633
16744,0.0022145509719848633
16745,0.0022145509719848633
16746,0.0022145509719848633
16747,0.0022145509719848633
16748,0.0022145509719848633
16749,0.0022145509719848633
16750,0.0022145509719848633
16751,0.0022145509719848633
16752,0.0022145509719848633
16753,0.0022145509719848633
16754,0.0022145509719848633
16755,0.0022145509719848633
16756,0.0022145509719848633
16757,0.0022145509719848633
16758,0.0022145509719848633
16759,0.0022145509719848633
16760,0.0022145509719848633
16761,0.0022145509719848633
16762,0.0022145509719848633
16763,0.0022145509719848633
16764,0.0022145509719848633
16765,0.0022145509719848633
16766,0.0022145509719848633
16767,0.0022145509719848633
16768,0.0022145509719848633
16769,0.0022145509719848633
16770,0.0022145509719848633
16771,0.0022145509719848633
16772,0.0022145509719848633
16773,0.0022145509719848633
16774,0.0022145509719848633
16775,0.0022145509719848633
16776,0.0022145509719848633
16777,0.0022145509719848633
16778,0.0022145509719848633
16779,0.0022145509719848633
16780,0.0022145509719848633
16781,0.0022145509719848633
16782,0.0022145509719848633
16783,0.0022145509719848633
16784,0.0022145509719848633
16785,0.0022145509719848633
16786,0.0022145509719848633
16787,0.0022145509719848633
16788,0.0022145509719848633
16789,0.0022145509719848633
16790,0.0022145509719848633
16791,0.0022145509719848633
16792,0.0022145509719848633
16793,0.0022145509719848633
16794,0.0022145509719848633
16795,0.0022145509719848633
16796,0.0022145509719848633
16797,0.0022145509719848633
16798,0.0022145509719848633
16799,0.0022145509719848633
16800,0.0022145509719848633
16801,0.0022145509719848633
16802,0.0022145509719848633
16803,0.0022145509719848633
16804,0.0022145509719848633
16805,0.0022145509719848633
16806,0.0022145509719848633
16807,0.0022145509719848633
16808,0.0022145509719848633
16809,0.0022145509719848633
16810,0.0022145509719848633
16811,0.0022145509719848633
16812,0.0022145509719848633
16813,0.0022145509719848633
16814,0.0022145509719848633
16815,0.0022145509719848633
16816,0.0022145509719848633
16817,0.0022145509719848633
16818,0.0022145509719848633
16819,0.0022145509719848633
16820,0.0022145509719848633
16821,0.0022145509719848633
16822,0.0022145509719848633
16823,0.0022145509719848633
16824,0.0022145509719848633
16825,0.0022145509719848633
16826,0.0022145509719848633
16827,0.0022145509719848633
16828,0.0022145509719848633
16829,0.0022145509719848633
16830,0.0022145509719848633
16831,0.0022145509719848633
16832,0.0022145509719848633
16833,0.0022145509719848633
16834,0.0022145509719848633
16835,0.0022145509719848633
16836,0.0022145509719848633
16837,0.0022145509719848633
16838,0.0022145509719848633
16839,0.0022145509719848633
16840,0.0022145509719848633
16841,0.0022145509719848633
16842,0.0022145509719848633
16843,0.0022145509719848633
16844,0.0022145509719848633
16845,0.0022145509719848633
16846,0.0022145509719848633
16847,0.0022145509719848633
16848,0.0022145509719848633
16849,0.0022145509719848633
16850,0.0022145509719848633
16851,0.0022145509719848633
16852,0.0022145509719848633
16853,0.0022145509719848633
16854,0.0022145509719848633
16855,0.0022145509719848633
16856,0.0022145509719848633
16857,0.0022145509719848633
16858,0.0022145509719848633
16859,0.0022145509719848633
16860,0.0022145509719848633
16861,0.0022145509719848633
16862,0.0022145509719848633
16863,0.0022145509719848633
16864,0.0022145509719848633
16865,0.0022145509719848633
16866,0.0022145509719848633
16867,0.0022145509719848633
16868,0.0022145509719848633
16869,0.0022145509719848633
16870,0.0022145509719848633
16871,0.0022145509719848633
16872,0.0022145509719848633
16873,0.0022145509719848633
16874,0.0022145509719848633
16875,0.0022145509719848633
16876,0.0022145509719848633
16877,0.0022145509719848633
16878,0.0022145509719848633
16879,0.0022145509719848633
16880,0.0022145509719848633
16881,0.0022145509719848633
16882,0.0022145509719848633
16883,0.0022145509719848633
16884,0.0022145509719848633
16885,0.0022145509719848633
16886,0.0022145509719848633
16887,0.0022145509719848633
16888,0.0022145509719848633
16889,0.0022145509719848633
16890,0.0022145509719848633
16891,0.0022145509719848633
16892,0.0022145509719848633
16893,0.0022145509719848633
16894,0.0022145509719848633
16895,0.0022145509719848633
16896,0.0022145509719848633
16897,0.0022145509719848633
16898,0.0022145509719848633
16899,0.0022145509719848633
16900,0.0022145509719848633
16901,0.0022145509719848633
16902,0.0022145509719848633
16903,0.0022145509719848633
16904,0.0022145509719848633
16905,0.0022145509719848633
16906,0.0022145509719848633
16907,0.0022145509719848633
16908,0.0022145509719848633
16909,0.0022145509719848633
16910,0.0022145509719848633
16911,0.0022145509719848633
16912,0.0022145509719848633
16913,0.0022145509719848633
16914,0.0022145509719848633
16915,0.0022145509719848633
16916,0.0022145509719848633
16917,0.0022145509719848633
16918,0.0022145509719848633
16919,0.0022145509719848633
16920,0.0022145509719848633
16921,0.0022145509719848633
16922,0.0022145509719848633
16923,0.0022145509719848633
16924,0.0022145509719848633
16925,0.0022145509719848633
16926,0.0022145509719848633
16927,0.0022145509719848633
16928,0.0022145509719848633
16929,0.0022145509719848633
16930,0.0022145509719848633
16931,0.0022145509719848633
16932,0.0022145509719848633
16933,0.0022145509719848633
16934,0.0022145509719848633
16935,0.0022145509719848633
16936,0.0022145509719848633
16937,0.0022145509719848633
16938,0.0022145509719848633
16939,0.0022145509719848633
16940,0.0022145509719848633
16941,0.0022145509719848633
16942,0.0022145509719848633
16943,0.0022145509719848633
16944,0.0022145509719848633
16945,0.0022145509719848633
16946,0.0022145509719848633
16947,0.0022145509719848633
16948,0.0022145509719848633
16949,0.0022145509719848633
16950,0.0022145509719848633
16951,0.0022145509719848633
16952,0.0022145509719848633
16953,0.0022145509719848633
16954,0.0022145509719848633
16955,0.0022145509719848633
16956,0.0022145509719848633
16957,0.0022145509719848633
16958,0.0022145509719848633
16959,0.0022145509719848633
16960,0.0022145509719848633
16961,0.0022145509719848633
16962,0.0022145509719848633
16963,0.0022145509719848633
16964,0.0022145509719848633
16965,0.0022145509719848633
16966,0.0022145509719848633
16967,0.0022145509719848633
16968,0.0022145509719848633
16969,0.0022145509719848633
16970,0.0022145509719848633
16971,0.0022145509719848633
16972,0.0022145509719848633
16973,0.0022145509719848633
16974,0.0022145509719848633
16975,0.0022145509719848633
16976,0.0022145509719848633
16977,0.0022145509719848633
16978,0.0022145509719848633
16979,0.0022145509719848633
16980,0.0022145509719848633
16981,0.0022145509719848633
16982,0.0022145509719848633
16983,0.0022145509719848633
16984,0.0022145509719848633
16985,0.0022145509719848633
16986,0.0022145509719848633
16987,0.0022145509719848633
16988,0.0022145509719848633
16989,0.0022145509719848633
16990,0.0022145509719848633
16991,0.0022145509719848633
16992,0.0022145509719848633
16993,0.0022145509719848633
16994,0.0022145509719848633
16995,0.0022145509719848633
16996,0.0022145509719848633
16997,0.0022145509719848633
16998,0.0022145509719848633
16999,0.0022145509719848633
17000,0.0022145509719848633
17001,0.0022145509719848633
17002,0.0022145509719848633
17003,0.0022145509719848633
17004,0.0022145509719848633
17005,0.0022145509719848633
17006,0.0022145509719848633
17007,0.0022145509719848633
17008,0.0022145509719848633
17009,0.0022145509719848633
17010,0.0022145509719848633
17011,0.0022145509719848633
17012,0.0022145509719848633
17013,0.0022145509719848633
17014,0.0022145509719848633
17015,0.0022145509719848633
17016,0.0022145509719848633
17017,0.0022145509719848633
17018,0.0022145509719848633
17019,0.0022145509719848633
17020,0.0022145509719848633
17021,0.0022145509719848633
17022,0.0022145509719848633
17023,0.0022145509719848633
17024,0.0022145509719848633
17025,0.0022145509719848633
17026,0.0022145509719848633
17027,0.0022145509719848633
17028,0.0022145509719848633
17029,0.0022145509719848633
17030,0.0022145509719848633
17031,0.0022145509719848633
17032,0.0022145509719848633
17033,0.0022145509719848633
17034,0.0022145509719848633
17035,0.0022145509719848633
17036,0.0022145509719848633
17037,0.0022145509719848633
17038,0.0022145509719848633
17039,0.0022145509719848633
17040,0.0022145509719848633
17041,0.0022145509719848633
17042,0.0022145509719848633
17043,0.0022145509719848633
17044,0.0022145509719848633
17045,0.0022145509719848633
17046,0.0022145509719848633
17047,0.0022145509719848633
17048,0.0022145509719848633
17049,0.0022145509719848633
17050,0.0022145509719848633
17051,0.0022145509719848633
17052,0.0022145509719848633
17053,0.0022145509719848633
17054,0.0022145509719848633
17055,0.0022145509719848633
17056,0.0022145509719848633
17057,0.0022145509719848633
17058,0.0022145509719848633
17059,0.0022145509719848633
17060,0.0022145509719848633
17061,0.0022145509719848633
17062,0.0022145509719848633
17063,0.0022145509719848633
17064,0.0022145509719848633
17065,0.0022145509719848633
17066,0.0022145509719848633
17067,0.0022145509719848633
17068,0.0022145509719848633
17069,0.0022145509719848633
17070,0.0022145509719848633
17071,0.0022145509719848633
17072,0.0022145509719848633
17073,0.0022145509719848633
17074,0.0022145509719848633
17075,0.0022145509719848633
17076,0.0022145509719848633
17077,0.0022145509719848633
17078,0.0022145509719848633
17079,0.0022145509719848633
17080,0.0022145509719848633
17081,0.0022145509719848633
17082,0.0022145509719848633
17083,0.0022145509719848633
17084,0.0022145509719848633
17085,0.0022145509719848633
17086,0.0022145509719848633
17087,0.0022145509719848633
17088,0.0022145509719848633
17089,0.0022145509719848633
17090,0.0022145509719848633
17091,0.0022145509719848633
17092,0.0022145509719848633
17093,0.0022145509719848633
17094,0.0022145509719848633
17095,0.0022145509719848633
17096,0.0022145509719848633
17097,0.0022145509719848633
17098,0.0022145509719848633
17099,0.0022145509719848633
17100,0.0022145509719848633
17101,0.0022145509719848633
17102,0.0022145509719848633
17103,0.0022145509719848633
17104,0.0022145509719848633
17105,0.0022145509719848633
17106,0.0022145509719848633
17107,0.0022145509719848633
17108,0.0022145509719848633
17109,0.0022145509719848633
17110,0.0022145509719848633
17111,0.0022145509719848633
17112,0.0022145509719848633
17113,0.0022145509719848633
17114,0.0022145509719848633
17115,0.0022145509719848633
17116,0.0022145509719848633
17117,0.0022145509719848633
17118,0.0022145509719848633
17119,0.0022145509719848633
17120,0.0022145509719848633
17121,0.0022145509719848633
17122,0.0022145509719848633
17123,0.0022145509719848633
17124,0.0022145509719848633
17125,0.0022145509719848633
17126,0.0022145509719848633
17127,0.0022145509719848633
17128,0.0022145509719848633
17129,0.0022145509719848633
17130,0.0022145509719848633
17131,0.0022145509719848633
17132,0.0022145509719848633
17133,0.0022145509719848633
17134,0.0022145509719848633
17135,0.0022145509719848633
17136,0.0022145509719848633
17137,0.0022145509719848633
17138,0.0022145509719848633
17139,0.0022145509719848633
17140,0.0022145509719848633
17141,0.0022145509719848633
17142,0.0022145509719848633
17143,0.0022145509719848633
17144,0.0022145509719848633
17145,0.0022145509719848633
17146,0.0022145509719848633
17147,0.0022145509719848633
17148,0.0022145509719848633
17149,0.0022145509719848633
17150,0.0022145509719848633
17151,0.0022145509719848633
17152,0.0022145509719848633
17153,0.0022145509719848633
17154,0.0022145509719848633
17155,0.0022145509719848633
17156,0.0022145509719848633
17157,0.0022145509719848633
17158,0.0022145509719848633
17159,0.0022145509719848633
17160,0.0022145509719848633
17161,0.0022145509719848633
17162,0.0022145509719848633
17163,0.0022145509719848633
17164,0.0022145509719848633
17165,0.0022145509719848633
17166,0.0022145509719848633
17167,0.0022145509719848633
17168,0.0022145509719848633
17169,0.0022145509719848633
17170,0.0022145509719848633
17171,0.0022145509719848633
17172,0.0022145509719848633
17173,0.0022145509719848633
17174,0.0022145509719848633
17175,0.0022145509719848633
17176,0.0022145509719848633
17177,0.0022145509719848633
17178,0.0022145509719848633
17179,0.0022145509719848633
17180,0.0022145509719848633
17181,0.0022145509719848633
17182,0.0022145509719848633
17183,0.0022145509719848633
17184,0.0022145509719848633
17185,0.0022145509719848633
17186,0.0022145509719848633
17187,0.0022145509719848633
17188,0.0022145509719848633
17189,0.0022145509719848633
17190,0.0022145509719848633
17191,0.0022145509719848633
17192,0.0022145509719848633
17193,0.0022145509719848633
17194,0.0022145509719848633
17195,0.0022145509719848633
17196,0.0022145509719848633
17197,0.0022145509719848633
17198,0.0022145509719848633
17199,0.0022145509719848633
17200,0.0022145509719848633
17201,0.0022145509719848633
17202,0.0022145509719848633
17203,0.0022145509719848633
17204,0.0022145509719848633
17205,0.0022145509719848633
17206,0.0022145509719848633
17207,0.0022145509719848633
17208,0.0022145509719848633
17209,0.0022145509719848633
17210,0.0022145509719848633
17211,0.0022145509719848633
17212,0.0022145509719848633
17213,0.0022145509719848633
17214,0.0022145509719848633
17215,0.0022145509719848633
17216,0.0022145509719848633
17217,0.0022145509719848633
17218,0.0022145509719848633
17219,0.0022145509719848633
17220,0.0022145509719848633
17221,0.0022145509719848633
17222,0.0022145509719848633
17223,0.0022145509719848633
17224,0.0022145509719848633
17225,0.0022145509719848633
17226,0.0022145509719848633
17227,0.0022145509719848633
17228,0.0022145509719848633
17229,0.0022145509719848633
17230,0.0022145509719848633
17231,0.0022145509719848633
17232,0.0022145509719848633
17233,0.0022145509719848633
17234,0.0022145509719848633
17235,0.0022145509719848633
17236,0.0022145509719848633
17237,0.0022145509719848633
17238,0.0022145509719848633
17239,0.0022145509719848633
17240,0.0022145509719848633
17241,0.0022145509719848633
17242,0.0022145509719848633
17243,0.0022145509719848633
17244,0.0022145509719848633
17245,0.0022145509719848633
17246,0.0022145509719848633
17247,0.0022145509719848633
17248,0.0022145509719848633
17249,0.0022145509719848633
17250,0.0022145509719848633
17251,0.0022145509719848633
17252,0.0022145509719848633
17253,0.0022145509719848633
17254,0.0022145509719848633
17255,0.0022145509719848633
17256,0.0022145509719848633
17257,0.0022145509719848633
17258,0.0022145509719848633
17259,0.0022145509719848633
17260,0.0022145509719848633
17261,0.0022145509719848633
17262,0.0022145509719848633
17263,0.0022145509719848633
17264,0.0022145509719848633
17265,0.0022145509719848633
17266,0.0022145509719848633
17267,0.0022145509719848633
17268,0.0022145509719848633
17269,0.0022145509719848633
17270,0.0022145509719848633
17271,0.0022145509719848633
17272,0.0022145509719848633
17273,0.0022145509719848633
17274,0.0022145509719848633
17275,0.0022145509719848633
17276,0.0022145509719848633
17277,0.0022145509719848633
17278,0.0022145509719848633
17279,0.0022145509719848633
17280,0.0022145509719848633
17281,0.0022145509719848633
17282,0.0022145509719848633
17283,0.0022145509719848633
17284,0.0022145509719848633
17285,0.0022145509719848633
17286,0.0022145509719848633
17287,0.0022145509719848633
17288,0.0022145509719848633
17289,0.0022145509719848633
17290,0.0022145509719848633
17291,0.0022145509719848633
17292,0.0022145509719848633
17293,0.0022145509719848633
17294,0.0022145509719848633
17295,0.0022145509719848633
17296,0.0022145509719848633
17297,0.0022145509719848633
17298,0.0022145509719848633
17299,0.0022145509719848633
17300,0.0022145509719848633
17301,0.0022145509719848633
17302,0.0022145509719848633
17303,0.0022145509719848633
17304,0.0022145509719848633
17305,0.0022145509719848633
17306,0.0022145509719848633
17307,0.0022145509719848633
17308,0.0022145509719848633
17309,0.0022145509719848633
17310,0.0022145509719848633
17311,0.0022145509719848633
17312,0.0022145509719848633
17313,0.0022145509719848633
17314,0.0022145509719848633
17315,0.0022145509719848633
17316,0.0022145509719848633
17317,0.0022145509719848633
17318,0.0022145509719848633
17319,0.0022145509719848633
17320,0.0022145509719848633
17321,0.0022145509719848633
17322,0.0022145509719848633
17323,0.0022145509719848633
17324,0.0022145509719848633
17325,0.0022145509719848633
17326,0.0022145509719848633
17327,0.0022145509719848633
17328,0.0022145509719848633
17329,0.0022145509719848633
17330,0.0022145509719848633
17331,0.0022145509719848633
17332,0.0022145509719848633
17333,0.0022145509719848633
17334,0.0022145509719848633
17335,0.0022145509719848633
17336,0.0022145509719848633
17337,0.0022145509719848633
17338,0.0022145509719848633
17339,0.0022145509719848633
17340,0.0022145509719848633
17341,0.0022145509719848633
17342,0.0022145509719848633
17343,0.0022145509719848633
17344,0.0022145509719848633
17345,0.0022145509719848633
17346,0.0022145509719848633
17347,0.0022145509719848633
17348,0.0022145509719848633
17349,0.0022145509719848633
17350,0.0022145509719848633
17351,0.0022145509719848633
17352,0.0022145509719848633
17353,0.0022145509719848633
17354,0.0022145509719848633
17355,0.0022145509719848633
17356,0.0022145509719848633
17357,0.0022145509719848633
17358,0.0022145509719848633
17359,0.0022145509719848633
17360,0.0022145509719848633
17361,0.0022145509719848633
17362,0.0022145509719848633
17363,0.0022145509719848633
17364,0.0022145509719848633
17365,0.0022145509719848633
17366,0.0022145509719848633
17367,0.0022145509719848633
17368,0.0022145509719848633
17369,0.0022145509719848633
17370,0.0022145509719848633
17371,0.0022145509719848633
17372,0.0022145509719848633
17373,0.0022145509719848633
17374,0.0022145509719848633
17375,0.0022145509719848633
17376,0.0022145509719848633
17377,0.0022145509719848633
17378,0.0022145509719848633
17379,0.0022145509719848633
17380,0.0022145509719848633
17381,0.0022145509719848633
17382,0.0022145509719848633
17383,0.0022145509719848633
17384,0.0022145509719848633
17385,0.0022145509719848633
17386,0.0022145509719848633
17387,0.0022145509719848633
17388,0.0022145509719848633
17389,0.0022145509719848633
17390,0.0022145509719848633
17391,0.0022145509719848633
17392,0.0022145509719848633
17393,0.0022145509719848633
17394,0.0022145509719848633
17395,0.0022145509719848633
17396,0.0022145509719848633
17397,0.0022145509719848633
17398,0.0022145509719848633
17399,0.0022145509719848633
17400,0.0022145509719848633
17401,0.0022145509719848633
17402,0.0022145509719848633
17403,0.0022145509719848633
17404,0.0022145509719848633
17405,0.0022145509719848633
17406,0.0022145509719848633
17407,0.0022145509719848633
17408,0.0022145509719848633
17409,0.0022145509719848633
17410,0.0022145509719848633
17411,0.0022145509719848633
17412,0.0022145509719848633
17413,0.0022145509719848633
17414,0.0022145509719848633
17415,0.0022145509719848633
17416,0.0022145509719848633
17417,0.0022145509719848633
17418,0.0022145509719848633
17419,0.0022145509719848633
17420,0.0022145509719848633
17421,0.0022145509719848633
17422,0.0022145509719848633
17423,0.0022145509719848633
17424,0.0022145509719848633
17425,0.0022145509719848633
17426,0.0022145509719848633
17427,0.0022145509719848633
17428,0.0022145509719848633
17429,0.0022145509719848633
17430,0.0022145509719848633
17431,0.0022145509719848633
17432,0.0022145509719848633
17433,0.0022145509719848633
17434,0.0022145509719848633
17435,0.0022145509719848633
17436,0.0022145509719848633
17437,0.0022145509719848633
17438,0.0022145509719848633
17439,0.0022145509719848633
17440,0.0022145509719848633
17441,0.0022145509719848633
17442,0.0022145509719848633
17443,0.0022145509719848633
17444,0.0022145509719848633
17445,0.0022145509719848633
17446,0.0022145509719848633
17447,0.0022145509719848633
17448,0.0022145509719848633
17449,0.0022145509719848633
17450,0.0022145509719848633
17451,0.0022145509719848633
17452,0.0022145509719848633
17453,0.0022145509719848633
17454,0.0022145509719848633
17455,0.0022145509719848633
17456,0.0022145509719848633
17457,0.0022145509719848633
17458,0.0022145509719848633
17459,0.0022145509719848633
17460,0.0022145509719848633
17461,0.0022145509719848633
17462,0.0022145509719848633
17463,0.0022145509719848633
17464,0.0022145509719848633
17465,0.0022145509719848633
17466,0.0022145509719848633
17467,0.0022145509719848633
17468,0.0022145509719848633
17469,0.0022145509719848633
17470,0.0022145509719848633
17471,0.0022145509719848633
17472,0.0022145509719848633
17473,0.0022145509719848633
17474,0.0022145509719848633
17475,0.0022145509719848633
17476,0.0022145509719848633
17477,0.0022145509719848633
17478,0.0022145509719848633
17479,0.0022145509719848633
17480,0.0022145509719848633
17481,0.0022145509719848633
17482,0.0022145509719848633
17483,0.0022145509719848633
17484,0.0022145509719848633
17485,0.0022145509719848633
17486,0.0022145509719848633
17487,0.0022145509719848633
17488,0.0022145509719848633
17489,0.0022145509719848633
17490,0.0022145509719848633
17491,0.0022145509719848633
17492,0.0022145509719848633
17493,0.0022145509719848633
17494,0.0022145509719848633
17495,0.0022145509719848633
17496,0.0022145509719848633
17497,0.0022145509719848633
17498,0.0022145509719848633
17499,0.0022145509719848633
17500,0.0022145509719848633
17501,0.0022145509719848633
17502,0.0022145509719848633
17503,0.0022145509719848633
17504,0.0022145509719848633
17505,0.0022145509719848633
17506,0.0022145509719848633
17507,0.0022145509719848633
17508,0.0022145509719848633
17509,0.0022145509719848633
17510,0.0022145509719848633
17511,0.0022145509719848633
17512,0.0022145509719848633
17513,0.0022145509719848633
17514,0.0022145509719848633
17515,0.0022145509719848633
17516,0.0022145509719848633
17517,0.0022145509719848633
17518,0.0022145509719848633
17519,0.0022145509719848633
17520,0.0022145509719848633
17521,0.0022145509719848633
17522,0.0022145509719848633
17523,0.0022145509719848633
17524,0.0022145509719848633
17525,0.0022145509719848633
17526,0.0022145509719848633
17527,0.0022145509719848633
17528,0.0022145509719848633
17529,0.0022145509719848633
17530,0.0022145509719848633
17531,0.0022145509719848633
17532,0.0022145509719848633
17533,0.0022145509719848633
17534,0.0022145509719848633
17535,0.0022145509719848633
17536,0.0022145509719848633
17537,0.0022145509719848633
17538,0.0022145509719848633
17539,0.0022145509719848633
17540,0.0022145509719848633
17541,0.0022145509719848633
17542,0.0022145509719848633
17543,0.0022145509719848633
17544,0.0022145509719848633
17545,0.0022145509719848633
17546,0.0022145509719848633
17547,0.0022145509719848633
17548,0.0022145509719848633
17549,0.0022145509719848633
17550,0.0022145509719848633
17551,0.0022145509719848633
17552,0.0022145509719848633
17553,0.0022145509719848633
17554,0.0022145509719848633
17555,0.0022145509719848633
17556,0.0022145509719848633
17557,0.0022145509719848633
17558,0.0022145509719848633
17559,0.0022145509719848633
17560,0.0022145509719848633
17561,0.0022145509719848633
17562,0.0022145509719848633
17563,0.0022145509719848633
17564,0.0022145509719848633
17565,0.0022145509719848633
17566,0.0022145509719848633
17567,0.0022145509719848633
17568,0.0022145509719848633
17569,0.0022145509719848633
17570,0.0022145509719848633
17571,0.0022145509719848633
17572,0.0022145509719848633
17573,0.0022145509719848633
17574,0.0022145509719848633
17575,0.0022145509719848633
17576,0.0022145509719848633
17577,0.0022145509719848633
17578,0.0022145509719848633
17579,0.0022145509719848633
17580,0.0022145509719848633
17581,0.0022145509719848633
17582,0.0022145509719848633
17583,0.0022145509719848633
17584,0.0022145509719848633
17585,0.0022145509719848633
17586,0.0022145509719848633
17587,0.0022145509719848633
17588,0.0022145509719848633
17589,0.0022145509719848633
17590,0.0022145509719848633
17591,0.0022145509719848633
17592,0.0022145509719848633
17593,0.0022145509719848633
17594,0.0022145509719848633
17595,0.0022145509719848633
17596,0.0022145509719848633
17597,0.0022145509719848633
17598,0.0022145509719848633
17599,0.0022145509719848633
17600,0.0022145509719848633
17601,0.0022145509719848633
17602,0.0022145509719848633
17603,0.0022145509719848633
17604,0.0022145509719848633
17605,0.0022145509719848633
17606,0.0022145509719848633
17607,0.0022145509719848633
17608,0.0022145509719848633
17609,0.0022145509719848633
17610,0.0022145509719848633
17611,0.0022145509719848633
17612,0.0022145509719848633
17613,0.0022145509719848633
17614,0.0022145509719848633
17615,0.0022145509719848633
17616,0.0022145509719848633
17617,0.0022145509719848633
17618,0.0022145509719848633
17619,0.0022145509719848633
17620,0.0022145509719848633
17621,0.0022145509719848633
17622,0.0022145509719848633
17623,0.0022145509719848633
17624,0.0022145509719848633
17625,0.0022145509719848633
17626,0.0022145509719848633
17627,0.0022145509719848633
17628,0.0022145509719848633
17629,0.0022145509719848633
17630,0.0022145509719848633
17631,0.0022145509719848633
17632,0.0022145509719848633
17633,0.0022145509719848633
17634,0.0022145509719848633
17635,0.0022145509719848633
17636,0.0022145509719848633
17637,0.0022145509719848633
17638,0.0022145509719848633
17639,0.0022145509719848633
17640,0.0022145509719848633
17641,0.0022145509719848633
17642,0.0022145509719848633
17643,0.0022145509719848633
17644,0.0022145509719848633
17645,0.0022145509719848633
17646,0.0022145509719848633
17647,0.0022145509719848633
17648,0.0022145509719848633
17649,0.0022145509719848633
17650,0.0022145509719848633
17651,0.0022145509719848633
17652,0.0022145509719848633
17653,0.0022145509719848633
17654,0.0022145509719848633
17655,0.0022145509719848633
17656,0.0022145509719848633
17657,0.0022145509719848633
17658,0.0022145509719848633
17659,0.0022145509719848633
17660,0.0022145509719848633
17661,0.0022145509719848633
17662,0.0022145509719848633
17663,0.0022145509719848633
17664,0.0022145509719848633
17665,0.0022145509719848633
17666,0.0022145509719848633
17667,0.0022145509719848633
17668,0.0022145509719848633
17669,0.0022145509719848633
17670,0.0022145509719848633
17671,0.0022145509719848633
17672,0.0022145509719848633
17673,0.0022145509719848633
17674,0.0022145509719848633
17675,0.0022145509719848633
17676,0.0022145509719848633
17677,0.0022145509719848633
17678,0.0022145509719848633
17679,0.0022145509719848633
17680,0.0022145509719848633
17681,0.0022145509719848633
17682,0.0022145509719848633
17683,0.0022145509719848633
17684,0.0022145509719848633
17685,0.0022145509719848633
17686,0.0022145509719848633
17687,0.0022145509719848633
17688,0.0022145509719848633
17689,0.0022145509719848633
17690,0.0022145509719848633
17691,0.0022145509719848633
17692,0.0022145509719848633
17693,0.0022145509719848633
17694,0.0022145509719848633
17695,0.0022145509719848633
17696,0.0022145509719848633
17697,0.0022145509719848633
17698,0.0022145509719848633
17699,0.0022145509719848633
17700,0.0022145509719848633
17701,0.0022145509719848633
17702,0.0022145509719848633
17703,0.0022145509719848633
17704,0.0022145509719848633
17705,0.0022145509719848633
17706,0.0022145509719848633
17707,0.0022145509719848633
17708,0.0022145509719848633
17709,0.0022145509719848633
17710,0.0022145509719848633
17711,0.0022145509719848633
17712,0.0022145509719848633
17713,0.0022145509719848633
17714,0.0022145509719848633
17715,0.0022145509719848633
17716,0.0022145509719848633
17717,0.0022145509719848633
17718,0.0022145509719848633
17719,0.0022145509719848633
17720,0.0022145509719848633
17721,0.0022145509719848633
17722,0.0022145509719848633
17723,0.0022145509719848633
17724,0.0022145509719848633
17725,0.0022145509719848633
17726,0.0022145509719848633
17727,0.0022145509719848633
17728,0.0022145509719848633
17729,0.0022145509719848633
17730,0.0022145509719848633
17731,0.0022145509719848633
17732,0.0022145509719848633
17733,0.0022145509719848633
17734,0.0022145509719848633
17735,0.0022145509719848633
17736,0.0022145509719848633
17737,0.0022145509719848633
17738,0.0022145509719848633
17739,0.0022145509719848633
17740,0.0022145509719848633
17741,0.0022145509719848633
17742,0.0022145509719848633
17743,0.0022145509719848633
17744,0.0022145509719848633
17745,0.0022145509719848633
17746,0.0022145509719848633
17747,0.0022145509719848633
17748,0.0022145509719848633
17749,0.0022145509719848633
17750,0.0022145509719848633
17751,0.0022145509719848633
17752,0.0022145509719848633
17753,0.0022145509719848633
17754,0.0022145509719848633
17755,0.0022145509719848633
17756,0.0022145509719848633
17757,0.0022145509719848633
17758,0.0022145509719848633
17759,0.0022145509719848633
17760,0.0022145509719848633
17761,0.0022145509719848633
17762,0.0022145509719848633
17763,0.0022145509719848633
17764,0.0022145509719848633
17765,0.0022145509719848633
17766,0.0022145509719848633
17767,0.0022145509719848633
17768,0.0022145509719848633
17769,0.0022145509719848633
17770,0.0022145509719848633
17771,0.0022145509719848633
17772,0.0022145509719848633
17773,0.0022145509719848633
17774,0.0022145509719848633
17775,0.0022145509719848633
17776,0.0022145509719848633
17777,0.0022145509719848633
17778,0.0022145509719848633
17779,0.0022145509719848633
17780,0.0022145509719848633
17781,0.0022145509719848633
17782,0.0022145509719848633
17783,0.0022145509719848633
17784,0.0022145509719848633
17785,0.0022145509719848633
17786,0.0022145509719848633
17787,0.0022145509719848633
17788,0.0022145509719848633
17789,0.0022145509719848633
17790,0.0022145509719848633
17791,0.0022145509719848633
17792,0.0022145509719848633
17793,0.0022145509719848633
17794,0.0022145509719848633
17795,0.0022145509719848633
17796,0.0022145509719848633
17797,0.0022145509719848633
17798,0.0022145509719848633
17799,0.0022145509719848633
17800,0.0022145509719848633
17801,0.0022145509719848633
17802,0.0022145509719848633
17803,0.0022145509719848633
17804,0.0022145509719848633
17805,0.0022145509719848633
17806,0.0022145509719848633
17807,0.0022145509719848633
17808,0.0022145509719848633
17809,0.0022145509719848633
17810,0.0022145509719848633
17811,0.0022145509719848633
17812,0.0022145509719848633
17813,0.0022145509719848633
17814,0.0022145509719848633
17815,0.0022145509719848633
17816,0.0022145509719848633
17817,0.0022145509719848633
17818,0.0022145509719848633
17819,0.0022145509719848633
17820,0.0022145509719848633
17821,0.0022145509719848633
17822,0.0022145509719848633
17823,0.0022145509719848633
17824,0.0022145509719848633
17825,0.0022145509719848633
17826,0.0022145509719848633
17827,0.0022145509719848633
17828,0.0022145509719848633
17829,0.0022145509719848633
17830,0.0022145509719848633
17831,0.0022145509719848633
17832,0.0022145509719848633
17833,0.0022145509719848633
17834,0.0022145509719848633
17835,0.0022145509719848633
17836,0.0022145509719848633
17837,0.0022145509719848633
17838,0.0022145509719848633
17839,0.0022145509719848633
17840,0.0022145509719848633
17841,0.0022145509719848633
17842,0.0022145509719848633
17843,0.0022145509719848633
17844,0.0022145509719848633
17845,0.0022145509719848633
17846,0.0022145509719848633
17847,0.0022145509719848633
17848,0.0022145509719848633
17849,0.0022145509719848633
17850,0.0022145509719848633
17851,0.0022145509719848633
17852,0.0022145509719848633
17853,0.0022145509719848633
17854,0.0022145509719848633
17855,0.0022145509719848633
17856,0.0022145509719848633
17857,0.0022145509719848633
17858,0.0022145509719848633
17859,0.0022145509719848633
17860,0.0022145509719848633
17861,0.0022145509719848633
17862,0.0022145509719848633
17863,0.0022145509719848633
17864,0.0022145509719848633
17865,0.0022145509719848633
17866,0.0022145509719848633
17867,0.0022145509719848633
17868,0.0022145509719848633
17869,0.0022145509719848633
17870,0.0022145509719848633
17871,0.0022145509719848633
17872,0.0022145509719848633
17873,0.0022145509719848633
17874,0.0022145509719848633
17875,0.0022145509719848633
17876,0.0022145509719848633
17877,0.0022145509719848633
17878,0.0022145509719848633
17879,0.0022145509719848633
17880,0.0022145509719848633
17881,0.0022145509719848633
17882,0.0022145509719848633
17883,0.0022145509719848633
17884,0.0022145509719848633
17885,0.0022145509719848633
17886,0.0022145509719848633
17887,0.0022145509719848633
17888,0.0022145509719848633
17889,0.0022145509719848633
17890,0.0022145509719848633
17891,0.0022145509719848633
17892,0.0022145509719848633
17893,0.0022145509719848633
17894,0.0022145509719848633
17895,0.0022145509719848633
17896,0.0022145509719848633
17897,0.0022145509719848633
17898,0.0022145509719848633
17899,0.0022145509719848633
17900,0.0022145509719848633
17901,0.0022145509719848633
17902,0.0022145509719848633
17903,0.0022145509719848633
17904,0.0022145509719848633
17905,0.0022145509719848633
17906,0.0022145509719848633
17907,0.0022145509719848633
17908,0.0022145509719848633
17909,0.0022145509719848633
17910,0.0022145509719848633
17911,0.0022145509719848633
17912,0.0022145509719848633
17913,0.0022145509719848633
17914,0.0022145509719848633
17915,0.0022145509719848633
17916,0.0022145509719848633
17917,0.0022145509719848633
17918,0.0022145509719848633
17919,0.0022145509719848633
17920,0.0022145509719848633
17921,0.0022145509719848633
17922,0.0022145509719848633
17923,0.0022145509719848633
17924,0.0022145509719848633
17925,0.0022145509719848633
17926,0.0022145509719848633
17927,0.0022145509719848633
17928,0.0022145509719848633
17929,0.0022145509719848633
17930,0.0022145509719848633
17931,0.0022145509719848633
17932,0.0022145509719848633
17933,0.0022145509719848633
17934,0.0022145509719848633
17935,0.0022145509719848633
17936,0.0022145509719848633
17937,0.0022145509719848633
17938,0.0022145509719848633
17939,0.0022145509719848633
17940,0.0022145509719848633
17941,0.0022145509719848633
17942,0.0022145509719848633
17943,0.0022145509719848633
17944,0.0022145509719848633
17945,0.0022145509719848633
17946,0.0022145509719848633
17947,0.0022145509719848633
17948,0.0022145509719848633
17949,0.0022145509719848633
17950,0.0022145509719848633
17951,0.0022145509719848633
17952,0.0022145509719848633
17953,0.0022145509719848633
17954,0.0022145509719848633
17955,0.0022145509719848633
17956,0.0022145509719848633
17957,0.0022145509719848633
17958,0.0022145509719848633
17959,0.0022145509719848633
17960,0.0022145509719848633
17961,0.0022145509719848633
17962,0.0022145509719848633
17963,0.0022145509719848633
17964,0.0022145509719848633
17965,0.0022145509719848633
17966,0.0022145509719848633
17967,0.0022145509719848633
17968,0.0022145509719848633
17969,0.0022145509719848633
17970,0.0022145509719848633
17971,0.0022145509719848633
17972,0.0022145509719848633
17973,0.0022145509719848633
17974,0.0022145509719848633
17975,0.0022145509719848633
17976,0.0022145509719848633
17977,0.0022145509719848633
17978,0.0022145509719848633
17979,0.0022145509719848633
17980,0.0022145509719848633
17981,0.0022145509719848633
17982,0.0022145509719848633
17983,0.0022145509719848633
17984,0.0022145509719848633
17985,0.0022145509719848633
17986,0.0022145509719848633
17987,0.0022145509719848633
17988,0.0022145509719848633
17989,0.0022145509719848633
17990,0.0022145509719848633
17991,0.0022145509719848633
17992,0.0022145509719848633
17993,0.0022145509719848633
17994,0.0022145509719848633
17995,0.0022145509719848633
17996,0.0022145509719848633
17997,0.0022145509719848633
17998,0.0022145509719848633
17999,0.0022145509719848633
18000,0.0022145509719848633
18001,0.0022145509719848633
18002,0.0022145509719848633
18003,0.0022145509719848633
18004,0.0022145509719848633
18005,0.0022145509719848633
18006,0.0022145509719848633
18007,0.0022145509719848633
18008,0.0022145509719848633
18009,0.0022145509719848633
18010,0.0022145509719848633
18011,0.0022145509719848633
18012,0.0022145509719848633
18013,0.0022145509719848633
18014,0.0022145509719848633
18015,0.0022145509719848633
18016,0.0022145509719848633
18017,0.0022145509719848633
18018,0.0022145509719848633
18019,0.0022145509719848633
18020,0.0022145509719848633
18021,0.0022145509719848633
18022,0.0022145509719848633
18023,0.0022145509719848633
18024,0.0022145509719848633
18025,0.0022145509719848633
18026,0.0022145509719848633
18027,0.0022145509719848633
18028,0.0022145509719848633
18029,0.0022145509719848633
18030,0.0022145509719848633
18031,0.0022145509719848633
18032,0.0022145509719848633
18033,0.0022145509719848633
18034,0.0022145509719848633
18035,0.0022145509719848633
18036,0.0022145509719848633
18037,0.0022145509719848633
18038,0.0022145509719848633
18039,0.0022145509719848633
18040,0.0022145509719848633
18041,0.0022145509719848633
18042,0.0022145509719848633
18043,0.0022145509719848633
18044,0.0022145509719848633
18045,0.0022145509719848633
18046,0.0022145509719848633
18047,0.0022145509719848633
18048,0.0022145509719848633
18049,0.0022145509719848633
18050,0.0022145509719848633
18051,0.0022145509719848633
18052,0.0022145509719848633
18053,0.0022145509719848633
18054,0.0022145509719848633
18055,0.0022145509719848633
18056,0.0022145509719848633
18057,0.0022145509719848633
18058,0.0022145509719848633
18059,0.0022145509719848633
18060,0.0022145509719848633
18061,0.0022145509719848633
18062,0.0022145509719848633
18063,0.0022145509719848633
18064,0.0022145509719848633
18065,0.0022145509719848633
18066,0.0022145509719848633
18067,0.0022145509719848633
18068,0.0022145509719848633
18069,0.0022145509719848633
18070,0.0022145509719848633
18071,0.0022145509719848633
18072,0.0022145509719848633
18073,0.0022145509719848633
18074,0.0022145509719848633
18075,0.0022145509719848633
18076,0.0022145509719848633
18077,0.0022145509719848633
18078,0.0022145509719848633
18079,0.0022145509719848633
18080,0.0022145509719848633
18081,0.0022145509719848633
18082,0.0022145509719848633
18083,0.0022145509719848633
18084,0.0022145509719848633
18085,0.0022145509719848633
18086,0.0022145509719848633
18087,0.0022145509719848633
18088,0.0022145509719848633
18089,0.0022145509719848633
18090,0.0022145509719848633
18091,0.0022145509719848633
18092,0.0022145509719848633
18093,0.0022145509719848633
18094,0.0022145509719848633
18095,0.0022145509719848633
18096,0.0022145509719848633
18097,0.0022145509719848633
18098,0.0022145509719848633
18099,0.0022145509719848633
18100,0.0022145509719848633
18101,0.0022145509719848633
18102,0.0022145509719848633
18103,0.0022145509719848633
18104,0.0022145509719848633
18105,0.0022145509719848633
18106,0.0022145509719848633
18107,0.0022145509719848633
18108,0.0022145509719848633
18109,0.0022145509719848633
18110,0.0022145509719848633
18111,0.0022145509719848633
18112,0.0022145509719848633
18113,0.0022145509719848633
18114,0.0022145509719848633
18115,0.0022145509719848633
18116,0.0022145509719848633
18117,0.0022145509719848633
18118,0.0022145509719848633
18119,0.0022145509719848633
18120,0.0022145509719848633
18121,0.0022145509719848633
18122,0.0022145509719848633
18123,0.0022145509719848633
18124,0.0022145509719848633
18125,0.0022145509719848633
18126,0.0022145509719848633
18127,0.0022145509719848633
18128,0.0022145509719848633
18129,0.0022145509719848633
18130,0.0022145509719848633
18131,0.0022145509719848633
18132,0.0022145509719848633
18133,0.0022145509719848633
18134,0.0022145509719848633
18135,0.0022145509719848633
18136,0.0022145509719848633
18137,0.0022145509719848633
18138,0.0022145509719848633
18139,0.0022145509719848633
18140,0.0022145509719848633
18141,0.0022145509719848633
18142,0.0022145509719848633
18143,0.0022145509719848633
18144,0.0022145509719848633
18145,0.0022145509719848633
18146,0.0022145509719848633
18147,0.0022145509719848633
18148,0.0022145509719848633
18149,0.0022145509719848633
18150,0.0022145509719848633
18151,0.0022145509719848633
18152,0.0022145509719848633
18153,0.0022145509719848633
18154,0.0022145509719848633
18155,0.0022145509719848633
18156,0.0022145509719848633
18157,0.0022145509719848633
18158,0.0022145509719848633
18159,0.0022145509719848633
18160,0.0022145509719848633
18161,0.0022145509719848633
18162,0.0022145509719848633
18163,0.0022145509719848633
18164,0.0022145509719848633
18165,0.0022145509719848633
18166,0.0022145509719848633
18167,0.0022145509719848633
18168,0.0022145509719848633
18169,0.0022145509719848633
18170,0.0022145509719848633
18171,0.0022145509719848633
18172,0.0022145509719848633
18173,0.0022145509719848633
18174,0.0022145509719848633
18175,0.0022145509719848633
18176,0.0022145509719848633
18177,0.0022145509719848633
18178,0.0022145509719848633
18179,0.0022145509719848633
18180,0.0022145509719848633
18181,0.0022145509719848633
18182,0.0022145509719848633
18183,0.0022145509719848633
18184,0.0022145509719848633
18185,0.0022145509719848633
18186,0.0022145509719848633
18187,0.0022145509719848633
18188,0.0022145509719848633
18189,0.0022145509719848633
18190,0.0022145509719848633
18191,0.0022145509719848633
18192,0.0022145509719848633
18193,0.0022145509719848633
18194,0.0022145509719848633
18195,0.0022145509719848633
18196,0.0022145509719848633
18197,0.0022145509719848633
18198,0.0022145509719848633
18199,0.0022145509719848633
18200,0.0022145509719848633
18201,0.0022145509719848633
18202,0.0022145509719848633
18203,0.0022145509719848633
18204,0.0022145509719848633
18205,0.0022145509719848633
18206,0.0022145509719848633
18207,0.0022145509719848633
18208,0.0022145509719848633
18209,0.0022145509719848633
18210,0.0022145509719848633
18211,0.0022145509719848633
18212,0.0022145509719848633
18213,0.0022145509719848633
18214,0.0022145509719848633
18215,0.0022145509719848633
18216,0.0022145509719848633
18217,0.0022145509719848633
18218,0.0022145509719848633
18219,0.0022145509719848633
18220,0.0022145509719848633
18221,0.0022145509719848633
18222,0.0022145509719848633
18223,0.0022145509719848633
18224,0.0022145509719848633
18225,0.0022145509719848633
18226,0.0022145509719848633
18227,0.0022145509719848633
18228,0.0022145509719848633
18229,0.0022145509719848633
18230,0.0022145509719848633
18231,0.0022145509719848633
18232,0.0022145509719848633
18233,0.0022145509719848633
18234,0.0022145509719848633
18235,0.0022145509719848633
18236,0.0022145509719848633
18237,0.0022145509719848633
18238,0.0022145509719848633
18239,0.0022145509719848633
18240,0.0022145509719848633
18241,0.0022145509719848633
18242,0.0022145509719848633
18243,0.0022145509719848633
18244,0.0022145509719848633
18245,0.0022145509719848633
18246,0.0022145509719848633
18247,0.0022145509719848633
18248,0.0022145509719848633
18249,0.0022145509719848633
18250,0.0022145509719848633
18251,0.0022145509719848633
18252,0.0022145509719848633
18253,0.0022145509719848633
18254,0.0022145509719848633
18255,0.0022145509719848633
18256,0.0022145509719848633
18257,0.0022145509719848633
18258,0.0022145509719848633
18259,0.0022145509719848633
18260,0.0022145509719848633
18261,0.0022145509719848633
18262,0.0022145509719848633
18263,0.0022145509719848633
18264,0.0022145509719848633
18265,0.0022145509719848633
18266,0.0022145509719848633
18267,0.0022145509719848633
18268,0.0022145509719848633
18269,0.0022145509719848633
18270,0.0022145509719848633
18271,0.0022145509719848633
18272,0.0022145509719848633
18273,0.0022145509719848633
18274,0.0022145509719848633
18275,0.0022145509719848633
18276,0.0022145509719848633
18277,0.0022145509719848633
18278,0.0022145509719848633
18279,0.0022145509719848633
18280,0.0022145509719848633
18281,0.0022145509719848633
18282,0.0022145509719848633
18283,0.0022145509719848633
18284,0.0022145509719848633
18285,0.0022145509719848633
18286,0.0022145509719848633
18287,0.0022145509719848633
18288,0.0022145509719848633
18289,0.0022145509719848633
18290,0.0022145509719848633
18291,0.0022145509719848633
18292,0.0022145509719848633
18293,0.0022145509719848633
18294,0.0022145509719848633
18295,0.0022145509719848633
18296,0.0022145509719848633
18297,0.0022145509719848633
18298,0.0022145509719848633
18299,0.0022145509719848633
18300,0.0022145509719848633
18301,0.0022145509719848633
18302,0.0022145509719848633
18303,0.0022145509719848633
18304,0.0022145509719848633
18305,0.0022145509719848633
18306,0.0022145509719848633
18307,0.0022145509719848633
18308,0.0022145509719848633
18309,0.0022145509719848633
18310,0.0022145509719848633
18311,0.0022145509719848633
18312,0.0022145509719848633
18313,0.0022145509719848633
18314,0.0022145509719848633
18315,0.0022145509719848633
18316,0.0022145509719848633
18317,0.0022145509719848633
18318,0.0022145509719848633
18319,0.0022145509719848633
18320,0.0022145509719848633
18321,0.0022145509719848633
18322,0.0022145509719848633
18323,0.0022145509719848633
18324,0.0022145509719848633
18325,0.0022145509719848633
18326,0.0022145509719848633
18327,0.0022145509719848633
18328,0.0022145509719848633
18329,0.0022145509719848633
18330,0.0022145509719848633
18331,0.0022145509719848633
18332,0.0022145509719848633
18333,0.0022145509719848633
18334,0.0022145509719848633
18335,0.0022145509719848633
18336,0.0022145509719848633
18337,0.0022145509719848633
18338,0.0022145509719848633
18339,0.0022145509719848633
18340,0.0022145509719848633
18341,0.0022145509719848633
18342,0.0022145509719848633
18343,0.0022145509719848633
18344,0.0022145509719848633
18345,0.0022145509719848633
18346,0.0022145509719848633
18347,0.0022145509719848633
18348,0.0022145509719848633
18349,0.0022145509719848633
18350,0.0022145509719848633
18351,0.0022145509719848633
18352,0.0022145509719848633
18353,0.0022145509719848633
18354,0.0022145509719848633
18355,0.0022145509719848633
18356,0.0022145509719848633
18357,0.0022145509719848633
18358,0.0022145509719848633
18359,0.0022145509719848633
18360,0.0022145509719848633
18361,0.0022145509719848633
18362,0.0022145509719848633
18363,0.0022145509719848633
18364,0.0022145509719848633
18365,0.0022145509719848633
18366,0.0022145509719848633
18367,0.0022145509719848633
18368,0.0022145509719848633
18369,0.0022145509719848633
18370,0.0022145509719848633
18371,0.0022145509719848633
18372,0.0022145509719848633
18373,0.0022145509719848633
18374,0.0022145509719848633
18375,0.0022145509719848633
18376,0.0022145509719848633
18377,0.0022145509719848633
18378,0.0022145509719848633
18379,0.0022145509719848633
18380,0.0022145509719848633
18381,0.0022145509719848633
18382,0.0022145509719848633
18383,0.0022145509719848633
18384,0.0022145509719848633
18385,0.0022145509719848633
18386,0.0022145509719848633
18387,0.0022145509719848633
18388,0.0022145509719848633
18389,0.0022145509719848633
18390,0.0022145509719848633
18391,0.0022145509719848633
18392,0.0022145509719848633
18393,0.0022145509719848633
18394,0.0022145509719848633
18395,0.0022145509719848633
18396,0.0022145509719848633
18397,0.0022145509719848633
18398,0.0022145509719848633
18399,0.0022145509719848633
18400,0.0022145509719848633
18401,0.0022145509719848633
18402,0.0022145509719848633
18403,0.0022145509719848633
18404,0.0022145509719848633
18405,0.0022145509719848633
18406,0.0022145509719848633
18407,0.0022145509719848633
18408,0.0022145509719848633
18409,0.0022145509719848633
18410,0.0022145509719848633
18411,0.0022145509719848633
18412,0.0022145509719848633
18413,0.0022145509719848633
18414,0.0022145509719848633
18415,0.0022145509719848633
18416,0.0022145509719848633
18417,0.0022145509719848633
18418,0.0022145509719848633
18419,0.0022145509719848633
18420,0.0022145509719848633
18421,0.0022145509719848633
18422,0.0022145509719848633
18423,0.0022145509719848633
18424,0.0022145509719848633
18425,0.0022145509719848633
18426,0.0022145509719848633
18427,0.0022145509719848633
18428,0.0022145509719848633
18429,0.0022145509719848633
18430,0.0022145509719848633
18431,0.0022145509719848633
18432,0.0022145509719848633
18433,0.0022145509719848633
18434,0.0022145509719848633
18435,0.0022145509719848633
18436,0.0022145509719848633
18437,0.0022145509719848633
18438,0.0022145509719848633
18439,0.0022145509719848633
18440,0.0022145509719848633
18441,0.0022145509719848633
18442,0.0022145509719848633
18443,0.0022145509719848633
18444,0.0022145509719848633
18445,0.0022145509719848633
18446,0.0022145509719848633
18447,0.0022145509719848633
18448,0.0022145509719848633
18449,0.0022145509719848633
18450,0.0022145509719848633
18451,0.0022145509719848633
18452,0.0022145509719848633
18453,0.0022145509719848633
18454,0.0022145509719848633
18455,0.0022145509719848633
18456,0.0022145509719848633
18457,0.0022145509719848633
18458,0.0022145509719848633
18459,0.0022145509719848633
18460,0.0022145509719848633
18461,0.0022145509719848633
18462,0.0022145509719848633
18463,0.0022145509719848633
18464,0.0022145509719848633
18465,0.0022145509719848633
18466,0.0022145509719848633
18467,0.0022145509719848633
18468,0.0022145509719848633
18469,0.0022145509719848633
18470,0.0022145509719848633
18471,0.0022145509719848633
18472,0.0022145509719848633
18473,0.0022145509719848633
18474,0.0022145509719848633
18475,0.0022145509719848633
18476,0.0022145509719848633
18477,0.0022145509719848633
18478,0.0022145509719848633
18479,0.0022145509719848633
18480,0.0022145509719848633
18481,0.0022145509719848633
18482,0.0022145509719848633
18483,0.0022145509719848633
18484,0.0022145509719848633
18485,0.0022145509719848633
18486,0.0022145509719848633
18487,0.0022145509719848633
18488,0.0022145509719848633
18489,0.0022145509719848633
18490,0.0022145509719848633
18491,0.0022145509719848633
18492,0.0022145509719848633
18493,0.0022145509719848633
18494,0.0022145509719848633
18495,0.0022145509719848633
18496,0.0022145509719848633
18497,0.0022145509719848633
18498,0.0022145509719848633
18499,0.0022145509719848633
18500,0.0022145509719848633
18501,0.0022145509719848633
18502,0.0022145509719848633
18503,0.0022145509719848633
18504,0.0022145509719848633
18505,0.0022145509719848633
18506,0.0022145509719848633
18507,0.0022145509719848633
18508,0.0022145509719848633
18509,0.0022145509719848633
18510,0.0022145509719848633
18511,0.0022145509719848633
18512,0.0022145509719848633
18513,0.0022145509719848633
18514,0.0022145509719848633
18515,0.0022145509719848633
18516,0.0022145509719848633
18517,0.0022145509719848633
18518,0.0022145509719848633
18519,0.0022145509719848633
18520,0.0022145509719848633
18521,0.0022145509719848633
18522,0.0022145509719848633
18523,0.0022145509719848633
18524,0.0022145509719848633
18525,0.0022145509719848633
18526,0.0022145509719848633
18527,0.0022145509719848633
18528,0.0022145509719848633
18529,0.0022145509719848633
18530,0.0022145509719848633
18531,0.0022145509719848633
18532,0.0022145509719848633
18533,0.0022145509719848633
18534,0.0022145509719848633
18535,0.0022145509719848633
18536,0.0022145509719848633
18537,0.0022145509719848633
18538,0.0022145509719848633
18539,0.0022145509719848633
18540,0.0022145509719848633
18541,0.0022145509719848633
18542,0.0022145509719848633
18543,0.0022145509719848633
18544,0.0022145509719848633
18545,0.0022145509719848633
18546,0.0022145509719848633
18547,0.0022145509719848633
18548,0.0022145509719848633
18549,0.0022145509719848633
18550,0.0022145509719848633
18551,0.0022145509719848633
18552,0.0022145509719848633
18553,0.0022145509719848633
18554,0.0022145509719848633
18555,0.0022145509719848633
18556,0.0022145509719848633
18557,0.0022145509719848633
18558,0.0022145509719848633
18559,0.0022145509719848633
18560,0.0022145509719848633
18561,0.0022145509719848633
18562,0.0022145509719848633
18563,0.0022145509719848633
18564,0.0022145509719848633
18565,0.0022145509719848633
18566,0.0022145509719848633
18567,0.0022145509719848633
18568,0.0022145509719848633
18569,0.0022145509719848633
18570,0.0022145509719848633
18571,0.0022145509719848633
18572,0.0022145509719848633
18573,0.0022145509719848633
18574,0.0022145509719848633
18575,0.0022145509719848633
18576,0.0022145509719848633
18577,0.0022145509719848633
18578,0.0022145509719848633
18579,0.0022145509719848633
18580,0.0022145509719848633
18581,0.0022145509719848633
18582,0.0022145509719848633
18583,0.0022145509719848633
18584,0.0022145509719848633
18585,0.0022145509719848633
18586,0.0022145509719848633
18587,0.0022145509719848633
18588,0.0022145509719848633
18589,0.0022145509719848633
18590,0.0022145509719848633
18591,0.0022145509719848633
18592,0.0022145509719848633
18593,0.0022145509719848633
18594,0.0022145509719848633
18595,0.0022145509719848633
18596,0.0022145509719848633
18597,0.0022145509719848633
18598,0.0022145509719848633
18599,0.0022145509719848633
18600,0.0022145509719848633
18601,0.0022145509719848633
18602,0.0022145509719848633
18603,0.0022145509719848633
18604,0.0022145509719848633
18605,0.0022145509719848633
18606,0.0022145509719848633
18607,0.0022145509719848633
18608,0.0022145509719848633
18609,0.0022145509719848633
18610,0.0022145509719848633
18611,0.0022145509719848633
18612,0.0022145509719848633
18613,0.0022145509719848633
18614,0.0022145509719848633
18615,0.0022145509719848633
18616,0.0022145509719848633
18617,0.0022145509719848633
18618,0.0022145509719848633
18619,0.0022145509719848633
18620,0.0022145509719848633
18621,0.0022145509719848633
18622,0.0022145509719848633
18623,0.0022145509719848633
18624,0.0022145509719848633
18625,0.0022145509719848633
18626,0.0022145509719848633
18627,0.0022145509719848633
18628,0.0022145509719848633
18629,0.0022145509719848633
18630,0.0022145509719848633
18631,0.0022145509719848633
18632,0.0022145509719848633
18633,0.0022145509719848633
18634,0.0022145509719848633
18635,0.0022145509719848633
18636,0.0022145509719848633
18637,0.0022145509719848633
18638,0.0022145509719848633
18639,0.0022145509719848633
18640,0.0022145509719848633
18641,0.0022145509719848633
18642,0.0022145509719848633
18643,0.0022145509719848633
18644,0.0022145509719848633
18645,0.0022145509719848633
18646,0.0022145509719848633
18647,0.0022145509719848633
18648,0.0022145509719848633
18649,0.0022145509719848633
18650,0.0022145509719848633
18651,0.0022145509719848633
18652,0.0022145509719848633
18653,0.0022145509719848633
18654,0.0022145509719848633
18655,0.0022145509719848633
18656,0.0022145509719848633
18657,0.0022145509719848633
18658,0.0022145509719848633
18659,0.0022145509719848633
18660,0.0022145509719848633
18661,0.0022145509719848633
18662,0.0022145509719848633
18663,0.0022145509719848633
18664,0.0022145509719848633
18665,0.0022145509719848633
18666,0.0022145509719848633
18667,0.0022145509719848633
18668,0.0022145509719848633
18669,0.0022145509719848633
18670,0.0022145509719848633
18671,0.0022145509719848633
18672,0.0022145509719848633
18673,0.0022145509719848633
18674,0.0022145509719848633
18675,0.0022145509719848633
18676,0.0022145509719848633
18677,0.0022145509719848633
18678,0.0022145509719848633
18679,0.0022145509719848633
18680,0.0022145509719848633
18681,0.0022145509719848633
18682,0.0022145509719848633
18683,0.0022145509719848633
18684,0.0022145509719848633
18685,0.0022145509719848633
18686,0.0022145509719848633
18687,0.0022145509719848633
18688,0.0022145509719848633
18689,0.0022145509719848633
18690,0.0022145509719848633
18691,0.0022145509719848633
18692,0.0022145509719848633
18693,0.0022145509719848633
18694,0.0022145509719848633
18695,0.0022145509719848633
18696,0.0022145509719848633
18697,0.0022145509719848633
18698,0.0022145509719848633
18699,0.0022145509719848633
18700,0.0022145509719848633
18701,0.0022145509719848633
18702,0.0022145509719848633
18703,0.0022145509719848633
18704,0.0022145509719848633
18705,0.0022145509719848633
18706,0.0022145509719848633
18707,0.0022145509719848633
18708,0.0022145509719848633
18709,0.0022145509719848633
18710,0.0022145509719848633
18711,0.0022145509719848633
18712,0.0022145509719848633
18713,0.0022145509719848633
18714,0.0022145509719848633
18715,0.0022145509719848633
18716,0.0022145509719848633
18717,0.0022145509719848633
18718,0.0022145509719848633
18719,0.0022145509719848633
18720,0.0022145509719848633
18721,0.0022145509719848633
18722,0.0022145509719848633
18723,0.0022145509719848633
18724,0.0022145509719848633
18725,0.0022145509719848633
18726,0.0022145509719848633
18727,0.0022145509719848633
18728,0.0022145509719848633
18729,0.0022145509719848633
18730,0.0022145509719848633
18731,0.0022145509719848633
18732,0.0022145509719848633
18733,0.0022145509719848633
18734,0.0022145509719848633
18735,0.0022145509719848633
18736,0.0022145509719848633
18737,0.0022145509719848633
18738,0.0022145509719848633
18739,0.0022145509719848633
18740,0.0022145509719848633
18741,0.0022145509719848633
18742,0.0022145509719848633
18743,0.0022145509719848633
18744,0.0022145509719848633
18745,0.0022145509719848633
18746,0.0022145509719848633
18747,0.0022145509719848633
18748,0.0022145509719848633
18749,0.0022145509719848633
18750,0.0022145509719848633
18751,0.0022145509719848633
18752,0.0022145509719848633
18753,0.0022145509719848633
18754,0.0022145509719848633
18755,0.0022145509719848633
18756,0.0022145509719848633
18757,0.0022145509719848633
18758,0.0022145509719848633
18759,0.0022145509719848633
18760,0.0022145509719848633
18761,0.0022145509719848633
18762,0.0022145509719848633
18763,0.0022145509719848633
18764,0.0022145509719848633
18765,0.0022145509719848633
18766,0.0022145509719848633
18767,0.0022145509719848633
18768,0.0022145509719848633
18769,0.0022145509719848633
18770,0.0022145509719848633
18771,0.0022145509719848633
18772,0.0022145509719848633
18773,0.0022145509719848633
18774,0.0022145509719848633
18775,0.0022145509719848633
18776,0.0022145509719848633
18777,0.0022145509719848633
18778,0.0022145509719848633
18779,0.0022145509719848633
18780,0.0022145509719848633
18781,0.0022145509719848633
18782,0.0022145509719848633
18783,0.0022145509719848633
18784,0.0022145509719848633
18785,0.0022145509719848633
18786,0.0022145509719848633
18787,0.0022145509719848633
18788,0.0022145509719848633
18789,0.0022145509719848633
18790,0.0022145509719848633
18791,0.0022145509719848633
18792,0.0022145509719848633
18793,0.0022145509719848633
18794,0.0022145509719848633
18795,0.0022145509719848633
18796,0.0022145509719848633
18797,0.0022145509719848633
18798,0.0022145509719848633
18799,0.0022145509719848633
18800,0.0022145509719848633
18801,0.0022145509719848633
18802,0.0022145509719848633
18803,0.0022145509719848633
18804,0.0022145509719848633
18805,0.0022145509719848633
18806,0.0022145509719848633
18807,0.0022145509719848633
18808,0.0022145509719848633
18809,0.0022145509719848633
18810,0.0022145509719848633
18811,0.0022145509719848633
18812,0.0022145509719848633
18813,0.0022145509719848633
18814,0.0022145509719848633
18815,0.0022145509719848633
18816,0.0022145509719848633
18817,0.0022145509719848633
18818,0.0022145509719848633
18819,0.0022145509719848633
18820,0.0022145509719848633
18821,0.0022145509719848633
18822,0.0022145509719848633
18823,0.0022145509719848633
18824,0.0022145509719848633
18825,0.0022145509719848633
18826,0.0022145509719848633
18827,0.0022145509719848633
18828,0.0022145509719848633
18829,0.0022145509719848633
18830,0.0022145509719848633
18831,0.0022145509719848633
18832,0.0022145509719848633
18833,0.0022145509719848633
18834,0.0022145509719848633
18835,0.0022145509719848633
18836,0.0022145509719848633
18837,0.0022145509719848633
18838,0.0022145509719848633
18839,0.0022145509719848633
18840,0.0022145509719848633
18841,0.0022145509719848633
18842,0.0022145509719848633
18843,0.0022145509719848633
18844,0.0022145509719848633
18845,0.0022145509719848633
18846,0.0022145509719848633
18847,0.0022145509719848633
18848,0.0022145509719848633
18849,0.0022145509719848633
18850,0.0022145509719848633
18851,0.0022145509719848633
18852,0.0022145509719848633
18853,0.0022145509719848633
18854,0.0022145509719848633
18855,0.0022145509719848633
18856,0.0022145509719848633
18857,0.0022145509719848633
18858,0.0022145509719848633
18859,0.0022145509719848633
18860,0.0022145509719848633
18861,0.0022145509719848633
18862,0.0022145509719848633
18863,0.0022145509719848633
18864,0.0022145509719848633
18865,0.0022145509719848633
18866,0.0022145509719848633
18867,0.0022145509719848633
18868,0.0022145509719848633
18869,0.0022145509719848633
18870,0.0022145509719848633
18871,0.0022145509719848633
18872,0.0022145509719848633
18873,0.0022145509719848633
18874,0.0022145509719848633
18875,0.0022145509719848633
18876,0.0022145509719848633
18877,0.0022145509719848633
18878,0.0022145509719848633
18879,0.0022145509719848633
18880,0.0022145509719848633
18881,0.0022145509719848633
18882,0.0022145509719848633
18883,0.0022145509719848633
18884,0.0022145509719848633
18885,0.0022145509719848633
18886,0.0022145509719848633
18887,0.0022145509719848633
18888,0.0022145509719848633
18889,0.0022145509719848633
18890,0.0022145509719848633
18891,0.0022145509719848633
18892,0.0022145509719848633
18893,0.0022145509719848633
18894,0.0022145509719848633
18895,0.0022145509719848633
18896,0.0022145509719848633
18897,0.0022145509719848633
18898,0.0022145509719848633
18899,0.0022145509719848633
18900,0.0022145509719848633
18901,0.0022145509719848633
18902,0.0022145509719848633
18903,0.0022145509719848633
18904,0.0022145509719848633
18905,0.0022145509719848633
18906,0.0022145509719848633
18907,0.0022145509719848633
18908,0.0022145509719848633
18909,0.0022145509719848633
18910,0.0022145509719848633
18911,0.0022145509719848633
18912,0.0022145509719848633
18913,0.0022145509719848633
18914,0.0022145509719848633
18915,0.0022145509719848633
18916,0.0022145509719848633
18917,0.0022145509719848633
18918,0.0022145509719848633
18919,0.0022145509719848633
18920,0.0022145509719848633
18921,0.0022145509719848633
18922,0.0022145509719848633
18923,0.0022145509719848633
18924,0.0022145509719848633
18925,0.0022145509719848633
18926,0.0022145509719848633
18927,0.0022145509719848633
18928,0.0022145509719848633
18929,0.0022145509719848633
18930,0.0022145509719848633
18931,0.0022145509719848633
18932,0.0022145509719848633
18933,0.0022145509719848633
18934,0.0022145509719848633
18935,0.0022145509719848633
18936,0.0022145509719848633
18937,0.0022145509719848633
18938,0.0022145509719848633
18939,0.0022145509719848633
18940,0.0022145509719848633
18941,0.0022145509719848633
18942,0.0022145509719848633
18943,0.0022145509719848633
18944,0.0022145509719848633
18945,0.0022145509719848633
18946,0.0022145509719848633
18947,0.0022145509719848633
18948,0.0022145509719848633
18949,0.0022145509719848633
18950,0.0022145509719848633
18951,0.0022145509719848633
18952,0.0022145509719848633
18953,0.0022145509719848633
18954,0.0022145509719848633
18955,0.0022145509719848633
18956,0.0022145509719848633
18957,0.0022145509719848633
18958,0.0022145509719848633
18959,0.0022145509719848633
18960,0.0022145509719848633
18961,0.0022145509719848633
18962,0.0022145509719848633
18963,0.0022145509719848633
18964,0.0022145509719848633
18965,0.0022145509719848633
18966,0.0022145509719848633
18967,0.0022145509719848633
18968,0.0022145509719848633
18969,0.0022145509719848633
18970,0.0022145509719848633
18971,0.0022145509719848633
18972,0.0022145509719848633
18973,0.0022145509719848633
18974,0.0022145509719848633
18975,0.0022145509719848633
18976,0.0022145509719848633
18977,0.0022145509719848633
18978,0.0022145509719848633
18979,0.0022145509719848633
18980,0.0022145509719848633
18981,0.0022145509719848633
18982,0.0022145509719848633
18983,0.0022145509719848633
18984,0.0022145509719848633
18985,0.0022145509719848633
18986,0.0022145509719848633
18987,0.0022145509719848633
18988,0.0022145509719848633
18989,0.0022145509719848633
18990,0.0022145509719848633
18991,0.0022145509719848633
18992,0.0022145509719848633
18993,0.0022145509719848633
18994,0.0022145509719848633
18995,0.0022145509719848633
18996,0.0022145509719848633
18997,0.0022145509719848633
18998,0.0022145509719848633
18999,0.0022145509719848633
19000,0.0022145509719848633
19001,0.0022145509719848633
19002,0.0022145509719848633
19003,0.0022145509719848633
19004,0.0022145509719848633
19005,0.0022145509719848633
19006,0.0022145509719848633
19007,0.0022145509719848633
19008,0.0022145509719848633
19009,0.0022145509719848633
19010,0.0022145509719848633
19011,0.0022145509719848633
19012,0.0022145509719848633
19013,0.0022145509719848633
19014,0.0022145509719848633
19015,0.0022145509719848633
19016,0.0022145509719848633
19017,0.0022145509719848633
19018,0.0022145509719848633
19019,0.0022145509719848633
19020,0.0022145509719848633
19021,0.0022145509719848633
19022,0.0022145509719848633
19023,0.0022145509719848633
19024,0.0022145509719848633
19025,0.0022145509719848633
19026,0.0022145509719848633
19027,0.0022145509719848633
19028,0.0022145509719848633
19029,0.0022145509719848633
19030,0.0022145509719848633
19031,0.0022145509719848633
19032,0.0022145509719848633
19033,0.0022145509719848633
19034,0.0022145509719848633
19035,0.0022145509719848633
19036,0.0022145509719848633
19037,0.0022145509719848633
19038,0.0022145509719848633
19039,0.0022145509719848633
19040,0.0022145509719848633
19041,0.0022145509719848633
19042,0.0022145509719848633
19043,0.0022145509719848633
19044,0.0022145509719848633
19045,0.0022145509719848633
19046,0.0022145509719848633
19047,0.0022145509719848633
19048,0.0022145509719848633
19049,0.0022145509719848633
19050,0.0022145509719848633
19051,0.0022145509719848633
19052,0.0022145509719848633
19053,0.0022145509719848633
19054,0.0022145509719848633
19055,0.0022145509719848633
19056,0.0022145509719848633
19057,0.0022145509719848633
19058,0.0022145509719848633
19059,0.0022145509719848633
19060,0.0022145509719848633
19061,0.0022145509719848633
19062,0.0022145509719848633
19063,0.0022145509719848633
19064,0.0022145509719848633
19065,0.0022145509719848633
19066,0.0022145509719848633
19067,0.0022145509719848633
19068,0.0022145509719848633
19069,0.0022145509719848633
19070,0.0022145509719848633
19071,0.0022145509719848633
19072,0.0022145509719848633
19073,0.0022145509719848633
19074,0.0022145509719848633
19075,0.0022145509719848633
19076,0.0022145509719848633
19077,0.0022145509719848633
19078,0.0022145509719848633
19079,0.0022145509719848633
19080,0.0022145509719848633
19081,0.0022145509719848633
19082,0.0022145509719848633
19083,0.0022145509719848633
19084,0.0022145509719848633
19085,0.0022145509719848633
19086,0.0022145509719848633
19087,0.0022145509719848633
19088,0.0022145509719848633
19089,0.0022145509719848633
19090,0.0022145509719848633
19091,0.0022145509719848633
19092,0.0022145509719848633
19093,0.0022145509719848633
19094,0.0022145509719848633
19095,0.0022145509719848633
19096,0.0022145509719848633
19097,0.0022145509719848633
19098,0.0022145509719848633
19099,0.0022145509719848633
19100,0.0022145509719848633
19101,0.0022145509719848633
19102,0.0022145509719848633
19103,0.0022145509719848633
19104,0.0022145509719848633
19105,0.0022145509719848633
19106,0.0022145509719848633
19107,0.0022145509719848633
19108,0.0022145509719848633
19109,0.0022145509719848633
19110,0.0022145509719848633
19111,0.0022145509719848633
19112,0.0022145509719848633
19113,0.0022145509719848633
19114,0.0022145509719848633
19115,0.0022145509719848633
19116,0.0022145509719848633
19117,0.0022145509719848633
19118,0.0022145509719848633
19119,0.0022145509719848633
19120,0.0022145509719848633
19121,0.0022145509719848633
19122,0.0022145509719848633
19123,0.0022145509719848633
19124,0.0022145509719848633
19125,0.0022145509719848633
19126,0.0022145509719848633
19127,0.0022145509719848633
19128,0.0022145509719848633
19129,0.0022145509719848633
19130,0.0022145509719848633
19131,0.0022145509719848633
19132,0.0022145509719848633
19133,0.0022145509719848633
19134,0.0022145509719848633
19135,0.0022145509719848633
19136,0.0022145509719848633
19137,0.0022145509719848633
19138,0.0022145509719848633
19139,0.0022145509719848633
19140,0.0022145509719848633
19141,0.0022145509719848633
19142,0.0022145509719848633
19143,0.0022145509719848633
19144,0.0022145509719848633
19145,0.0022145509719848633
19146,0.0022145509719848633
19147,0.0022145509719848633
19148,0.0022145509719848633
19149,0.0022145509719848633
19150,0.0022145509719848633
19151,0.0022145509719848633
19152,0.0022145509719848633
19153,0.0022145509719848633
19154,0.0022145509719848633
19155,0.0022145509719848633
19156,0.0022145509719848633
19157,0.0022145509719848633
19158,0.0022145509719848633
19159,0.0022145509719848633
19160,0.0022145509719848633
19161,0.0022145509719848633
19162,0.0022145509719848633
19163,0.0022145509719848633
19164,0.0022145509719848633
19165,0.0022145509719848633
19166,0.0022145509719848633
19167,0.0022145509719848633
19168,0.0022145509719848633
19169,0.0022145509719848633
19170,0.0022145509719848633
19171,0.0022145509719848633
19172,0.0022145509719848633
19173,0.0022145509719848633
19174,0.0022145509719848633
19175,0.0022145509719848633
19176,0.0022145509719848633
19177,0.0022145509719848633
19178,0.0022145509719848633
19179,0.0022145509719848633
19180,0.0022145509719848633
19181,0.0022145509719848633
19182,0.0022145509719848633
19183,0.0022145509719848633
19184,0.0022145509719848633
19185,0.0022145509719848633
19186,0.0022145509719848633
19187,0.0022145509719848633
19188,0.0022145509719848633
19189,0.0022145509719848633
19190,0.0022145509719848633
19191,0.0022145509719848633
19192,0.0022145509719848633
19193,0.0022145509719848633
19194,0.0022145509719848633
19195,0.0022145509719848633
19196,0.0022145509719848633
19197,0.0022145509719848633
19198,0.0022145509719848633
19199,0.0022145509719848633
19200,0.0022145509719848633
19201,0.0022145509719848633
19202,0.0022145509719848633
19203,0.0022145509719848633
19204,0.0022145509719848633
19205,0.0022145509719848633
19206,0.0022145509719848633
19207,0.0022145509719848633
19208,0.0022145509719848633
19209,0.0022145509719848633
19210,0.0022145509719848633
19211,0.0022145509719848633
19212,0.0022145509719848633
19213,0.0022145509719848633
19214,0.0022145509719848633
19215,0.0022145509719848633
19216,0.0022145509719848633
19217,0.0022145509719848633
19218,0.0022145509719848633
19219,0.0022145509719848633
19220,0.0022145509719848633
19221,0.0022145509719848633
19222,0.0022145509719848633
19223,0.0022145509719848633
19224,0.0022145509719848633
19225,0.0022145509719848633
19226,0.0022145509719848633
19227,0.0022145509719848633
19228,0.0022145509719848633
19229,0.0022145509719848633
19230,0.0022145509719848633
19231,0.0022145509719848633
19232,0.0022145509719848633
19233,0.0022145509719848633
19234,0.0022145509719848633
19235,0.0022145509719848633
19236,0.0022145509719848633
19237,0.0022145509719848633
19238,0.0022145509719848633
19239,0.0022145509719848633
19240,0.0022145509719848633
19241,0.0022145509719848633
19242,0.0022145509719848633
19243,0.0022145509719848633
19244,0.0022145509719848633
19245,0.0022145509719848633
19246,0.0022145509719848633
19247,0.0022145509719848633
19248,0.0022145509719848633
19249,0.0022145509719848633
19250,0.0022145509719848633
19251,0.0022145509719848633
19252,0.0022145509719848633
19253,0.0022145509719848633
19254,0.0022145509719848633
19255,0.0022145509719848633
19256,0.0022145509719848633
19257,0.0022145509719848633
19258,0.0022145509719848633
19259,0.0022145509719848633
19260,0.0022145509719848633
19261,0.0022145509719848633
19262,0.0022145509719848633
19263,0.0022145509719848633
19264,0.0022145509719848633
19265,0.0022145509719848633
19266,0.0022145509719848633
19267,0.0022145509719848633
19268,0.0022145509719848633
19269,0.0022145509719848633
19270,0.0022145509719848633
19271,0.0022145509719848633
19272,0.0022145509719848633
19273,0.0022145509719848633
19274,0.0022145509719848633
19275,0.0022145509719848633
19276,0.0022145509719848633
19277,0.0022145509719848633
19278,0.0022145509719848633
19279,0.0022145509719848633
19280,0.0022145509719848633
19281,0.0022145509719848633
19282,0.0022145509719848633
19283,0.0022145509719848633
19284,0.0022145509719848633
19285,0.0022145509719848633
19286,0.0022145509719848633
19287,0.0022145509719848633
19288,0.0022145509719848633
19289,0.0022145509719848633
19290,0.0022145509719848633
19291,0.0022145509719848633
19292,0.0022145509719848633
19293,0.0022145509719848633
19294,0.0022145509719848633
19295,0.0022145509719848633
19296,0.0022145509719848633
19297,0.0022145509719848633
19298,0.0022145509719848633
19299,0.0022145509719848633
19300,0.0022145509719848633
19301,0.0022145509719848633
19302,0.0022145509719848633
19303,0.0022145509719848633
19304,0.0022145509719848633
19305,0.0022145509719848633
19306,0.0022145509719848633
19307,0.0022145509719848633
19308,0.0022145509719848633
19309,0.0022145509719848633
19310,0.0022145509719848633
19311,0.0022145509719848633
19312,0.0022145509719848633
19313,0.0022145509719848633
19314,0.0022145509719848633
19315,0.0022145509719848633
19316,0.0022145509719848633
19317,0.0022145509719848633
19318,0.0022145509719848633
19319,0.0022145509719848633
19320,0.0022145509719848633
19321,0.0022145509719848633
19322,0.0022145509719848633
19323,0.0022145509719848633
19324,0.0022145509719848633
19325,0.0022145509719848633
19326,0.0022145509719848633
19327,0.0022145509719848633
19328,0.0022145509719848633
19329,0.0022145509719848633
19330,0.0022145509719848633
19331,0.0022145509719848633
19332,0.0022145509719848633
19333,0.0022145509719848633
19334,0.0022145509719848633
19335,0.0022145509719848633
19336,0.0022145509719848633
19337,0.0022145509719848633
19338,0.0022145509719848633
19339,0.0022145509719848633
19340,0.0022145509719848633
19341,0.0022145509719848633
19342,0.0022145509719848633
19343,0.0022145509719848633
19344,0.0022145509719848633
19345,0.0022145509719848633
19346,0.0022145509719848633
19347,0.0022145509719848633
19348,0.0022145509719848633
19349,0.0022145509719848633
19350,0.0022145509719848633
19351,0.0022145509719848633
19352,0.0022145509719848633
19353,0.0022145509719848633
19354,0.0022145509719848633
19355,0.0022145509719848633
19356,0.0022145509719848633
19357,0.0022145509719848633
19358,0.0022145509719848633
19359,0.0022145509719848633
19360,0.0022145509719848633
19361,0.0022145509719848633
19362,0.0022145509719848633
19363,0.0022145509719848633
19364,0.0022145509719848633
19365,0.0022145509719848633
19366,0.0022145509719848633
19367,0.0022145509719848633
19368,0.0022145509719848633
19369,0.0022145509719848633
19370,0.0022145509719848633
19371,0.0022145509719848633
19372,0.0022145509719848633
19373,0.0022145509719848633
19374,0.0022145509719848633
19375,0.0022145509719848633
19376,0.0022145509719848633
19377,0.0022145509719848633
19378,0.0022145509719848633
19379,0.0022145509719848633
19380,0.0022145509719848633
19381,0.0022145509719848633
19382,0.0022145509719848633
19383,0.0022145509719848633
19384,0.0022145509719848633
19385,0.0022145509719848633
19386,0.0022145509719848633
19387,0.0022145509719848633
19388,0.0022145509719848633
19389,0.0022145509719848633
19390,0.0022145509719848633
19391,0.0022145509719848633
19392,0.0022145509719848633
19393,0.0022145509719848633
19394,0.0022145509719848633
19395,0.0022145509719848633
19396,0.0022145509719848633
19397,0.0022145509719848633
19398,0.0022145509719848633
19399,0.0022145509719848633
19400,0.0022145509719848633
19401,0.0022145509719848633
19402,0.0022145509719848633
19403,0.0022145509719848633
19404,0.0022145509719848633
19405,0.0022145509719848633
19406,0.0022145509719848633
19407,0.0022145509719848633
19408,0.0022145509719848633
19409,0.0022145509719848633
19410,0.0022145509719848633
19411,0.0022145509719848633
19412,0.0022145509719848633
19413,0.0022145509719848633
19414,0.0022145509719848633
19415,0.0022145509719848633
19416,0.0022145509719848633
19417,0.0022145509719848633
19418,0.0022145509719848633
19419,0.0022145509719848633
19420,0.0022145509719848633
19421,0.0022145509719848633
19422,0.0022145509719848633
19423,0.0022145509719848633
19424,0.0022145509719848633
19425,0.0022145509719848633
19426,0.0022145509719848633
19427,0.0022145509719848633
19428,0.0022145509719848633
19429,0.0022145509719848633
19430,0.0022145509719848633
19431,0.0022145509719848633
19432,0.0022145509719848633
19433,0.0022145509719848633
19434,0.0022145509719848633
19435,0.0022145509719848633
19436,0.0022145509719848633
19437,0.0022145509719848633
19438,0.0022145509719848633
19439,0.0022145509719848633
19440,0.0022145509719848633
19441,0.0022145509719848633
19442,0.0022145509719848633
19443,0.0022145509719848633
19444,0.0022145509719848633
19445,0.0022145509719848633
19446,0.0022145509719848633
19447,0.0022145509719848633
19448,0.0022145509719848633
19449,0.0022145509719848633
19450,0.0022145509719848633
19451,0.0022145509719848633
19452,0.0022145509719848633
19453,0.0022145509719848633
19454,0.0022145509719848633
19455,0.0022145509719848633
19456,0.0022145509719848633
19457,0.0022145509719848633
19458,0.0022145509719848633
19459,0.0022145509719848633
19460,0.0022145509719848633
19461,0.0022145509719848633
19462,0.0022145509719848633
19463,0.0022145509719848633
19464,0.0022145509719848633
19465,0.0022145509719848633
19466,0.0022145509719848633
19467,0.0022145509719848633
19468,0.0022145509719848633
19469,0.0022145509719848633
19470,0.0022145509719848633
19471,0.0022145509719848633
19472,0.0022145509719848633
19473,0.0022145509719848633
19474,0.0022145509719848633
19475,0.0022145509719848633
19476,0.0022145509719848633
19477,0.0022145509719848633
19478,0.0022145509719848633
19479,0.0022145509719848633
19480,0.0022145509719848633
19481,0.0022145509719848633
19482,0.0022145509719848633
19483,0.0022145509719848633
19484,0.0022145509719848633
19485,0.0022145509719848633
19486,0.0022145509719848633
19487,0.0022145509719848633
19488,0.0022145509719848633
19489,0.0022145509719848633
19490,0.0022145509719848633
19491,0.0022145509719848633
19492,0.0022145509719848633
19493,0.0022145509719848633
19494,0.0022145509719848633
19495,0.0022145509719848633
19496,0.0022145509719848633
19497,0.0022145509719848633
19498,0.0022145509719848633
19499,0.0022145509719848633
19500,0.0022145509719848633
19501,0.0022145509719848633
19502,0.0022145509719848633
19503,0.0022145509719848633
19504,0.0022145509719848633
19505,0.0022145509719848633
19506,0.0022145509719848633
19507,0.0022145509719848633
19508,0.0022145509719848633
19509,0.0022145509719848633
19510,0.0022145509719848633
19511,0.0022145509719848633
19512,0.0022145509719848633
19513,0.0022145509719848633
19514,0.0022145509719848633
19515,0.0022145509719848633
19516,0.0022145509719848633
19517,0.0022145509719848633
19518,0.0022145509719848633
19519,0.0022145509719848633
19520,0.0022145509719848633
19521,0.0022145509719848633
19522,0.0022145509719848633
19523,0.0022145509719848633
19524,0.0022145509719848633
19525,0.0022145509719848633
19526,0.0022145509719848633
19527,0.0022145509719848633
19528,0.0022145509719848633
19529,0.0022145509719848633
19530,0.0022145509719848633
19531,0.0022145509719848633
19532,0.0022145509719848633
19533,0.0022145509719848633
19534,0.0022145509719848633
19535,0.0022145509719848633
19536,0.0022145509719848633
19537,0.0022145509719848633
19538,0.0022145509719848633
19539,0.0022145509719848633
19540,0.0022145509719848633
19541,0.0022145509719848633
19542,0.0022145509719848633
19543,0.0022145509719848633
19544,0.0022145509719848633
19545,0.0022145509719848633
19546,0.0022145509719848633
19547,0.0022145509719848633
19548,0.0022145509719848633
19549,0.0022145509719848633
19550,0.0022145509719848633
19551,0.0022145509719848633
19552,0.0022145509719848633
19553,0.0022145509719848633
19554,0.0022145509719848633
19555,0.0022145509719848633
19556,0.0022145509719848633
19557,0.0022145509719848633
19558,0.0022145509719848633
19559,0.0022145509719848633
19560,0.0022145509719848633
19561,0.0022145509719848633
19562,0.0022145509719848633
19563,0.0022145509719848633
19564,0.0022145509719848633
19565,0.0022145509719848633
19566,0.0022145509719848633
19567,0.0022145509719848633
19568,0.0022145509719848633
19569,0.0022145509719848633
19570,0.0022145509719848633
19571,0.0022145509719848633
19572,0.0022145509719848633
19573,0.0022145509719848633
19574,0.0022145509719848633
19575,0.0022145509719848633
19576,0.0022145509719848633
19577,0.0022145509719848633
19578,0.0022145509719848633
19579,0.0022145509719848633
19580,0.0022145509719848633
19581,0.0022145509719848633
19582,0.0022145509719848633
19583,0.0022145509719848633
19584,0.0022145509719848633
19585,0.0022145509719848633
19586,0.0022145509719848633
19587,0.0022145509719848633
19588,0.0022145509719848633
19589,0.0022145509719848633
19590,0.0022145509719848633
19591,0.0022145509719848633
19592,0.0022145509719848633
19593,0.0022145509719848633
19594,0.0022145509719848633
19595,0.0022145509719848633
19596,0.0022145509719848633
19597,0.0022145509719848633
19598,0.0022145509719848633
19599,0.0022145509719848633
19600,0.0022145509719848633
19601,0.0022145509719848633
19602,0.0022145509719848633
19603,0.0022145509719848633
19604,0.0022145509719848633
19605,0.0022145509719848633
19606,0.0022145509719848633
19607,0.0022145509719848633
19608,0.0022145509719848633
19609,0.0022145509719848633
19610,0.0022145509719848633
19611,0.0022145509719848633
19612,0.0022145509719848633
19613,0.0022145509719848633
19614,0.0022145509719848633
19615,0.0022145509719848633
19616,0.0022145509719848633
19617,0.0022145509719848633
19618,0.0022145509719848633
19619,0.0022145509719848633
19620,0.0022145509719848633
19621,0.0022145509719848633
19622,0.0022145509719848633
19623,0.0022145509719848633
19624,0.0022145509719848633
19625,0.0022145509719848633
19626,0.0022145509719848633
19627,0.0022145509719848633
19628,0.0022145509719848633
19629,0.0022145509719848633
19630,0.0022145509719848633
19631,0.0022145509719848633
19632,0.0022145509719848633
19633,0.0022145509719848633
19634,0.0022145509719848633
19635,0.0022145509719848633
19636,0.0022145509719848633
19637,0.0022145509719848633
19638,0.0022145509719848633
19639,0.0022145509719848633
19640,0.0022145509719848633
19641,0.0022145509719848633
19642,0.0022145509719848633
19643,0.0022145509719848633
19644,0.0022145509719848633
19645,0.0022145509719848633
19646,0.0022145509719848633
19647,0.0022145509719848633
19648,0.0022145509719848633
19649,0.0022145509719848633
19650,0.0022145509719848633
19651,0.0022145509719848633
19652,0.0022145509719848633
19653,0.0022145509719848633
19654,0.0022145509719848633
19655,0.0022145509719848633
19656,0.0022145509719848633
19657,0.0022145509719848633
19658,0.0022145509719848633
19659,0.0022145509719848633
19660,0.0022145509719848633
19661,0.0022145509719848633
19662,0.0022145509719848633
19663,0.0022145509719848633
19664,0.0022145509719848633
19665,0.0022145509719848633
19666,0.0022145509719848633
19667,0.0022145509719848633
19668,0.0022145509719848633
19669,0.0022145509719848633
19670,0.0022145509719848633
19671,0.0022145509719848633
19672,0.0022145509719848633
19673,0.0022145509719848633
19674,0.0022145509719848633
19675,0.0022145509719848633
19676,0.0022145509719848633
19677,0.0022145509719848633
19678,0.0022145509719848633
19679,0.0022145509719848633
19680,0.0022145509719848633
19681,0.0022145509719848633
19682,0.0022145509719848633
19683,0.0022145509719848633
19684,0.0022145509719848633
19685,0.0022145509719848633
19686,0.0022145509719848633
19687,0.0022145509719848633
19688,0.0022145509719848633
19689,0.0022145509719848633
19690,0.0022145509719848633
19691,0.0022145509719848633
19692,0.0022145509719848633
19693,0.0022145509719848633
19694,0.0022145509719848633
19695,0.0022145509719848633
19696,0.0022145509719848633
19697,0.0022145509719848633
19698,0.0022145509719848633
19699,0.0022145509719848633
19700,0.0022145509719848633
19701,0.0022145509719848633
19702,0.0022145509719848633
19703,0.0022145509719848633
19704,0.0022145509719848633
19705,0.0022145509719848633
19706,0.0022145509719848633
19707,0.0022145509719848633
19708,0.0022145509719848633
19709,0.0022145509719848633
19710,0.0022145509719848633
19711,0.0022145509719848633
19712,0.0022145509719848633
19713,0.0022145509719848633
19714,0.0022145509719848633
19715,0.0022145509719848633
19716,0.0022145509719848633
19717,0.0022145509719848633
19718,0.0022145509719848633
19719,0.0022145509719848633
19720,0.0022145509719848633
19721,0.0022145509719848633
19722,0.0022145509719848633
19723,0.0022145509719848633
19724,0.0022145509719848633
19725,0.0022145509719848633
19726,0.0022145509719848633
19727,0.0022145509719848633
19728,0.0022145509719848633
19729,0.0022145509719848633
19730,0.0022145509719848633
19731,0.0022145509719848633
19732,0.0022145509719848633
19733,0.0022145509719848633
19734,0.0022145509719848633
19735,0.0022145509719848633
19736,0.0022145509719848633
19737,0.0022145509719848633
19738,0.0022145509719848633
19739,0.0022145509719848633
19740,0.0022145509719848633
19741,0.0022145509719848633
19742,0.0022145509719848633
19743,0.0022145509719848633
19744,0.0022145509719848633
19745,0.0022145509719848633
19746,0.0022145509719848633
19747,0.0022145509719848633
19748,0.0022145509719848633
19749,0.0022145509719848633
19750,0.0022145509719848633
19751,0.0022145509719848633
19752,0.0022145509719848633
19753,0.0022145509719848633
19754,0.0022145509719848633
19755,0.0022145509719848633
19756,0.0022145509719848633
19757,0.0022145509719848633
19758,0.0022145509719848633
19759,0.0022145509719848633
19760,0.0022145509719848633
19761,0.0022145509719848633
19762,0.0022145509719848633
19763,0.0022145509719848633
19764,0.0022145509719848633
19765,0.0022145509719848633
19766,0.0022145509719848633
19767,0.0022145509719848633
19768,0.0022145509719848633
19769,0.0022145509719848633
19770,0.0022145509719848633
19771,0.0022145509719848633
19772,0.0022145509719848633
19773,0.0022145509719848633
19774,0.0022145509719848633
19775,0.0022145509719848633
19776,0.0022145509719848633
19777,0.0022145509719848633
19778,0.0022145509719848633
19779,0.0022145509719848633
19780,0.0022145509719848633
19781,0.0022145509719848633
19782,0.0022145509719848633
19783,0.0022145509719848633
19784,0.0022145509719848633
19785,0.0022145509719848633
19786,0.0022145509719848633
19787,0.0022145509719848633
19788,0.0022145509719848633
19789,0.0022145509719848633
19790,0.0022145509719848633
19791,0.0022145509719848633
19792,0.0022145509719848633
19793,0.0022145509719848633
19794,0.0022145509719848633
19795,0.0022145509719848633
19796,0.0022145509719848633
19797,0.0022145509719848633
19798,0.0022145509719848633
19799,0.0022145509719848633
19800,0.0022145509719848633
19801,0.0022145509719848633
19802,0.0022145509719848633
19803,0.0022145509719848633
19804,0.0022145509719848633
19805,0.0022145509719848633
19806,0.0022145509719848633
19807,0.0022145509719848633
19808,0.0022145509719848633
19809,0.0022145509719848633
19810,0.0022145509719848633
19811,0.0022145509719848633
19812,0.0022145509719848633
19813,0.0022145509719848633
19814,0.0022145509719848633
19815,0.0022145509719848633
19816,0.0022145509719848633
19817,0.0022145509719848633
19818,0.0022145509719848633
19819,0.0022145509719848633
19820,0.0022145509719848633
19821,0.0022145509719848633
19822,0.0022145509719848633
19823,0.0022145509719848633
19824,0.0022145509719848633
19825,0.0022145509719848633
19826,0.0022145509719848633
19827,0.0022145509719848633
19828,0.0022145509719848633
19829,0.0022145509719848633
19830,0.0022145509719848633
19831,0.0022145509719848633
19832,0.0022145509719848633
19833,0.0022145509719848633
19834,0.0022145509719848633
19835,0.0022145509719848633
19836,0.0022145509719848633
19837,0.0022145509719848633
19838,0.0022145509719848633
19839,0.0022145509719848633
19840,0.0022145509719848633
19841,0.0022145509719848633
19842,0.0022145509719848633
19843,0.0022145509719848633
19844,0.0022145509719848633
19845,0.0022145509719848633
19846,0.0022145509719848633
19847,0.0022145509719848633
19848,0.0022145509719848633
19849,0.0022145509719848633
19850,0.0022145509719848633
19851,0.0022145509719848633
19852,0.0022145509719848633
19853,0.0022145509719848633
19854,0.0022145509719848633
19855,0.0022145509719848633
19856,0.0022145509719848633
19857,0.0022145509719848633
19858,0.0022145509719848633
19859,0.0022145509719848633
19860,0.0022145509719848633
19861,0.0022145509719848633
19862,0.0022145509719848633
19863,0.0022145509719848633
19864,0.0022145509719848633
19865,0.0022145509719848633
19866,0.0022145509719848633
19867,0.0022145509719848633
19868,0.0022145509719848633
19869,0.0022145509719848633
19870,0.0022145509719848633
19871,0.0022145509719848633
19872,0.0022145509719848633
19873,0.0022145509719848633
19874,0.0022145509719848633
19875,0.0022145509719848633
19876,0.0022145509719848633
19877,0.0022145509719848633
19878,0.0022145509719848633
19879,0.0022145509719848633
19880,0.0022145509719848633
19881,0.0022145509719848633
19882,0.0022145509719848633
19883,0.0022145509719848633
19884,0.0022145509719848633
19885,0.0022145509719848633
19886,0.0022145509719848633
19887,0.0022145509719848633
19888,0.0022145509719848633
19889,0.0022145509719848633
19890,0.0022145509719848633
19891,0.0022145509719848633
19892,0.0022145509719848633
19893,0.0022145509719848633
19894,0.0022145509719848633
19895,0.0022145509719848633
19896,0.0022145509719848633
19897,0.0022145509719848633
19898,0.0022145509719848633
19899,0.0022145509719848633
19900,0.0022145509719848633
19901,0.0022145509719848633
19902,0.0022145509719848633
19903,0.0022145509719848633
19904,0.0022145509719848633
19905,0.0022145509719848633
19906,0.0022145509719848633
19907,0.0022145509719848633
19908,0.0022145509719848633
19909,0.0022145509719848633
19910,0.0022145509719848633
19911,0.0022145509719848633
19912,0.0022145509719848633
19913,0.0022145509719848633
19914,0.0022145509719848633
19915,0.0022145509719848633
19916,0.0022145509719848633
19917,0.0022145509719848633
19918,0.0022145509719848633
19919,0.0022145509719848633
19920,0.0022145509719848633
19921,0.0022145509719848633
19922,0.0022145509719848633
19923,0.0022145509719848633
19924,0.0022145509719848633
19925,0.0022145509719848633
19926,0.0022145509719848633
19927,0.0022145509719848633
19928,0.0022145509719848633
19929,0.0022145509719848633
19930,0.0022145509719848633
19931,0.0022145509719848633
19932,0.0022145509719848633
19933,0.0022145509719848633
19934,0.0022145509719848633
19935,0.0022145509719848633
19936,0.0022145509719848633
19937,0.0022145509719848633
19938,0.0022145509719848633
19939,0.0022145509719848633
19940,0.0022145509719848633
19941,0.0022145509719848633
19942,0.0022145509719848633
19943,0.0022145509719848633
19944,0.0022145509719848633
19945,0.0022145509719848633
19946,0.0022145509719848633
19947,0.0022145509719848633
19948,0.0022145509719848633
19949,0.0022145509719848633
19950,0.0022145509719848633
19951,0.0022145509719848633
19952,0.0022145509719848633
19953,0.0022145509719848633
19954,0.0022145509719848633
19955,0.0022145509719848633
19956,0.0022145509719848633
19957,0.0022145509719848633
19958,0.0022145509719848633
19959,0.0022145509719848633
19960,0.0022145509719848633
19961,0.0022145509719848633
19962,0.0022145509719848633
19963,0.0022145509719848633
19964,0.0022145509719848633
19965,0.0022145509719848633
19966,0.0022145509719848633
19967,0.0022145509719848633
19968,0.0022145509719848633
19969,0.0022145509719848633
19970,0.0022145509719848633
19971,0.0022145509719848633
19972,0.0022145509719848633
19973,0.0022145509719848633
19974,0.0022145509719848633
19975,0.0022145509719848633
19976,0.0022145509719848633
19977,0.0022145509719848633
19978,0.0022145509719848633
19979,0.0022145509719848633
19980,0.0022145509719848633
19981,0.0022145509719848633
19982,0.0022145509719848633
19983,0.0022145509719848633
19984,0.0022145509719848633
19985,0.0022145509719848633
19986,0.0022145509719848633
19987,0.0022145509719848633
19988,0.0022145509719848633
19989,0.0022145509719848633
19990,0.0022145509719848633
19991,0.0022145509719848633
19992,0.0022145509719848633
19993,0.0022145509719848633
19994,0.0022145509719848633
19995,0.0022145509719848633
19996,0.0022145509719848633
19997,0.0022145509719848633
19998,0.0022145509719848633
19999,0.0022145509719848633
